Two-Stage Model Evaluation
R2: -3.1057
RMSE: 91984.1050
MAE: 17349.0106
MAPE: 94.48%

Classification Acc: 0.9500
              precision    recall  f1-score   support

           0       0.98      0.96      0.97       458
           1       0.66      0.83      0.74        42

    accuracy                           0.95       500
   macro avg       0.82      0.90      0.85       500
weighted avg       0.96      0.95      0.95       500


--- Top 10 High Error Samples ---
                True            Pred  Class_True  Class_Pred           Diff
1713    26049.290624  1000000.000000           1           1  973950.709376
3190    35267.600831  1000000.000000           1           1  964732.399169
3183    97921.500953  1000000.000000           1           1  902078.499047
1041    61391.607468   768543.506487           1           1  707151.899020
348     51613.173474   695153.450958           1           1  643540.277483
10162  406659.074445     5234.527443           1           1  401424.547002
12941  276419.060647    13059.160833           1           1  263359.899815
12955  276419.060647    13080.734032           1           1  263338.326616
8041   254957.482736    24035.777915           1           1  230921.704821
8055   254957.482736    24075.484035           1           1  230881.998700

--- Top 10 Best Samples ---
              True         Pred  Class_True  Class_Pred      Diff
13718   896.571684   895.419125           0           0  1.152559
10953   642.846901   644.478134           0           0  1.631233
15545   284.379262   282.287596           0           0  2.091666
8020    713.441896   715.995757           0           0  2.553861
5206   5085.843235  5080.105324           0           0  5.737911
17043  1288.262888  1282.034154           0           0  6.228734
7600    555.716665   549.195261           0           0  6.521404
7593    216.311350   209.411887           0           0  6.899463
1965    633.772111   624.983228           0           0  8.788884
6557   1395.880574  1385.919958           0           0  9.960616