Two-Stage Model Evaluation
R2: -9429597244004800086933504.0000
RMSE: 149143672073616416.0000
MAE: 6669907897427159.0000
MAPE: 28895062788290.27%

Classification Acc: 0.9780
              precision    recall  f1-score   support

           0       0.98      1.00      0.99       468
           1       0.96      0.69      0.80        32

    accuracy                           0.98       500
   macro avg       0.97      0.84      0.89       500
weighted avg       0.98      0.98      0.98       500


--- Top 10 High Error Samples ---
                True          Pred  Class_True  Class_Pred          Diff
16973   23082.209447  3.334954e+18           0           1  3.334954e+18
16273   32956.100077  5.680600e+10           1           1  5.680597e+10
17288   30236.042665  1.829455e+08           1           1  1.829153e+08
13767   29976.123875  1.628243e+07           1           1  1.625245e+07
17162  264327.474867  1.525023e+05           1           1  1.118252e+05
6508    -6997.737184 -1.037909e+05           0           0  9.679312e+04
13998  -94515.809373 -1.604962e+02           1           0  9.435531e+04
13319  -94515.622793 -7.336105e+02           1           0  9.378201e+04
3134   881081.899683  7.882266e+05           1           1  9.285533e+04
15405   87798.164230 -3.067104e+02           1           0  8.810487e+04

--- Top 10 Best Samples ---
              True         Pred  Class_True  Class_Pred       Diff
13417   767.002222   766.256879           0           0   0.745343
3904   1311.863617  1316.552398           0           0   4.688781
7117    250.448412   245.529361           0           0   4.919051
17211   781.435023   775.873070           0           0   5.561953
17386   719.061724   713.404858           0           0   5.656866
7271    317.955875   323.693760           0           0   5.737885
7425    317.955875   325.505632           0           0   7.549757
8804   1785.736883  1776.962250           0           0   8.774633
4674    965.145239   977.112662           0           0  11.967423
866   -1787.623713 -1801.105184           0           0  13.481471