Frequency_Hz,Y11_Real,Y11_Imag,Y12_Real,Y12_Imag,Y21_Real,Y21_Imag,Y22_Real,Y22_Imag
0.1,0.63485094002321,-0.00728253610966866,0.775834079191914,6.65178349798581e-05,-0.0136652787004422,6.694617667376e-05,-0.859863496612295,4.54127308399666e-06
0.100693514841637,0.63485018631495,-0.00733306423872658,0.775834429900671,6.69740228734957e-05,-0.0136652851641979,6.74113283849855e-05,-0.85986495717969,4.64486588260676e-06
0.10139183931163,0.634849422050122,-0.00738394325798055,0.775834785487633,6.74332673638329e-05,-0.0136652917164427,6.78797241365122e-05,-0.859866437981302,4.75068312728172e-06
0.102095006765465,0.634848647079953,-0.00743517561059384,0.775835146020611,6.78955874112153e-05,-0.0136652983583672,6.83513868034457e-05,-0.859867939296116,4.85877163985959e-06
0.102803050789954,0.634847861253551,-0.0074867637568708,0.775835511568357,6.83610020608422e-05,-0.0136653050911771,6.88263394273359e-05,-0.859869461406929,4.96917921920942e-06
0.103516005204838,0.634847064417868,-0.00753871017437957,0.775835882200579,6.88295304423787e-05,-0.0136653119160941,6.93046052174882e-05,-0.859871004600397,5.0819546614303e-06
0.104233904064403,0.634846256417673,-0.00759101735807589,0.775836257987949,6.93011917695611e-05,-0.0136653188343553,6.97862075522922e-05,-0.859872569167089,5.19714778043912e-06
0.104956781659108,0.634845437095519,-0.00764368782042778,0.775836639002125,6.97760053397813e-05,-0.0136653258472141,7.02711699805599e-05,-0.859874155401538,5.31480942920354e-06
0.105684672517218,0.634844606291712,-0.0076967240915411,0.775837025315754,7.02539905336075e-05,-0.0136653329559397,7.07595162228774e-05,-0.859875763602293,5.43499152116933e-06
0.106417611406461,0.634843763844274,-0.00775012871928619,0.775837417002497,7.07351668143442e-05,-0.0136653401618181,7.12512701729693e-05,-0.859877394071975,5.55774705224277e-06
0.10715563333568,0.634842909588915,-0.00780390426942529,0.775837814137033,7.12195537274952e-05,-0.0136653474661515,7.17464558990754e-05,-0.859879047117332,5.68313012323102e-06
0.107898773556513,0.634842043358994,-0.00785805332574121,0.775838216795081,7.17071709002755e-05,-0.013665354870259,7.22450976453435e-05,-0.859880723049287,5.81119596271273e-06
0.108647067565072,0.63484116498549,-0.00791257849016664,0.775838625053409,7.21980380410381e-05,-0.0136653623754765,7.27472198332301e-05,-0.859882422183004,5.94200095031111e-06
0.109400551103639,0.634840274296963,-0.00796748238291464,0.77583903898985,7.26921749386964e-05,-0.0136653699831573,7.3252847062919e-05,-0.859884144837937,6.07560264062612e-06
0.110159260162376,0.634839371119518,-0.00802276764261023,0.775839458683318,7.31896014621401e-05,-0.0136653776946717,7.37620041147532e-05,-0.859885891337891,6.21205978744432e-06
0.11092323098104,0.634838455276774,-0.00807843692642257,0.775839884213822,7.36903375595562e-05,-0.0136653855114076,7.42747159506773e-05,-0.859887662011074,6.35143236868418e-06
0.111692500050717,0.63483752658982,-0.00813449291019864,0.775840315662482,7.41944032578105e-05,-0.0136653934347709,7.47910077156974e-05,-0.859889457190165,6.49378161154263e-06
0.112467104115564,0.634836584877188,-0.00819093828859772,0.775840753111543,7.47018186617529e-05,-0.0136654014661852,7.53109047393536e-05,-0.859891277212366,6.63917001846731e-06
0.113247080174565,0.634835629954804,-0.00824777577522662,0.775841196644391,7.52126039534531e-05,-0.0136654096070921,7.58344325372053e-05,-0.859893122419463,6.78766139342035e-06
0.114032465483296,0.634834661635958,-0.00830500810277656,0.77584164634557,7.57267793914957e-05,-0.0136654178589519,7.63616168123351e-05,-0.859894993157889,6.93932086887755e-06
0.114823297555707,0.634833679731261,-0.00836263802316055,0.775842102300795,7.62443653101585e-05,-0.0136654262232431,7.68924834568627e-05,-0.859896889778786,7.09421493323009e-06
0.115619614165913,0.63483268404861,-0.00842066830765201,0.775842564596973,7.67653821186192e-05,-0.0136654347014633,7.74270585534764e-05,-0.859898812638063,7.25241145879685e-06
0.116421453349997,0.634831674393139,-0.00847910174702454,0.775843033322214,7.72898503000937e-05,-0.0136654432951287,7.79653683769788e-05,-0.859900762096465,7.41397973042651e-06
0.117228853407829,0.634830650567191,-0.00853794115169264,0.775843508565852,7.78177904109424e-05,-0.0136654520057749,7.85074393958475e-05,-0.859902738519633,7.57899047465482e-06
0.118041852904894,0.634829612370266,-0.00859718935185364,0.775843990418461,7.83492230797631e-05,-0.013665460834957,7.90532982738128e-05,-0.859904742278167,7.74751588951406e-06
0.118860490674132,0.634828559598982,-0.0086568491976304,0.775844478971869,7.88841690064403e-05,-0.0136654697842494,7.9602971871447e-05,-0.859906773747699,7.91962967486293e-06
0.1196848058178,0.634827492047037,-0.00871692355921558,0.77584497431918,7.94226489611218e-05,-0.0136654788552465,8.01564872477753e-05,-0.859908833308952,8.09540706345202e-06
0.120514837709331,0.634826409505159,-0.00877741532701665,0.775845476554788,7.99646837832142e-05,-0.0136654880495629,8.07138716618964e-05,-0.859910921347808,8.27492485240555e-06
0.12135062599522,0.634825311761068,-0.00883832741180224,0.775845985774398,8.05102943803281e-05,-0.0136654973688332,8.12751525746252e-05,-0.859913038255382,8.45826143569539e-06
0.122192210596917,0.634824198599426,-0.00889966274484929,0.775846502075039,8.10595017271317e-05,-0.0136655068147125,8.18403576501465e-05,-0.859915184428082,8.64549683691346e-06
0.123039631712731,0.634823069801797,-0.00896142427809189,0.77584702555509,8.16123268642128e-05,-0.0136655163888769,8.24095147576903e-05,-0.859917360267687,8.83671274296699e-06
0.123892929819754,0.634821925146597,-0.00902361498427067,0.775847556314291,8.21687908969266e-05,-0.0136655260930231,8.29826519732199e-05,-0.859919566181413,9.03199253833586e-06
0.124752145675793,0.634820764409047,-0.00908623785708373,0.775848094453767,8.27289149941002e-05,-0.0136655359288691,8.35597975811381e-05,-0.859921802581981,9.23142133998217e-06
0.125617320321316,0.634819587361131,-0.00914929591133866,0.775848640076044,8.32927203868288e-05,-0.0136655458981542,8.41409800760136e-05,-0.8599240698877,9.43508603325899e-06
0.126488495081411,0.634818393771542,-0.00921279218310556,0.77584919328507,8.38602283671028e-05,-0.0136655560026395,8.472622816432e-05,-0.859926368522529,9.64307530813141e-06
0.127365711567764,0.634817183405635,-0.00927672972987152,0.775849754186236,8.44314602864629e-05,-0.0136655662441079,8.53155707661954e-05,-0.859928698916158,9.85547969635514e-06
0.128249011680643,0.634815956025378,-0.00934111163069609,0.775850322886391,8.50064375546005e-05,-0.0136655766243641,8.59090370172207e-05,-0.859931061504078,1.00723916095571e-05
0.129138437610901,0.634814711389301,-0.00940594098636802,0.775850899493868,8.55851816378844e-05,-0.0136655871452353,8.65066562702136e-05,-0.859933456727664,1.02939053777951e-05
0.130034031841991,0.634813449252444,-0.00947122091956324,0.7758514841185,8.61677140578752e-05,-0.0136655978085714,8.71084580970423e-05,-0.859935885034243,1.05201172890187e-05
0.130935837151994,0.634812169366306,-0.00953695457500406,0.775852076871645,8.6754056389745e-05,-0.0136656086162449,8.77144722904583e-05,-0.859938346877178,1.07511256294893e-05
0.131843896615665,0.634810871478793,-0.00960314511961957,0.775852677866202,8.73442302606938e-05,-0.0136656195701511,8.83247288659468e-05,-0.859940842715945,1.09870307246976e-05
0.132758253606487,0.634809555334161,-0.00966979574270732,0.775853287216635,8.79382573482843e-05,-0.013665630672209,8.89392580635978e-05,-0.859943373016211,1.1227934981449e-05
0.133678951798747,0.634808220672965,-0.0097369096560962,0.775853905038998,8.85361593787326e-05,-0.0136656419243607,8.95580903499937e-05,-0.859945938249917,1.14739429305372e-05
0.134606035169616,0.634806867232001,-0.00980449009431086,0.775854531450949,8.91379581251638e-05,-0.0136656533285721,9.01812564201218e-05,-0.859948538895359,1.17251612704386e-05
0.135539548001256,0.634805494744252,-0.00987254031473684,0.775855166571779,8.97436754057519e-05,-0.0136656648868332,9.08087871993004e-05,-0.859951175437268,1.19816989118879e-05
0.136479534882933,0.634804102938827,-0.00994106359778764,0.775855810522433,9.03533330818811e-05,-0.0136656766011581,9.14407138451294e-05,-0.859953848366898,1.22436670232026e-05
0.137426040713143,0.634802691540909,-0.0100100632470726,0.775856463425528,9.09669530561995e-05,-0.0136656884735853,9.20770677494591e-05,-0.859956558182106,1.25111790767601e-05
0.138379110701763,0.634801260271689,-0.0100795425895665,0.775857125405384,9.15845572706259e-05,-0.013665700506178,9.2717880540382e-05,-0.85995930538744,1.27843508961611e-05
0.139338790372205,0.634799808848312,-0.0101495049757801,0.775857796588043,9.22061677043149e-05,-0.0136657127010243,9.33631840842432e-05,-0.859962090494226,1.30633007046146e-05
0.140305125563594,0.63479833698381,-0.0102199537799323,0.775858477101291,9.28318063715145e-05,-0.0136657250602376,9.40130104876721e-05,-0.859964914020652,1.33481491739959e-05
0.141278162432955,0.634796844387048,-0.0102908924001234,0.775859167074687,9.34614953193979e-05,-0.0136657375859564,9.46673920996374e-05,-0.859967776491864,1.36390194752575e-05
0.14225794745742,0.634795330762654,-0.0103623242585099,0.775859866639582,9.40952566258341e-05,-0.0136657502803452,9.53263615135237e-05,-0.859970678440044,1.39360373295136e-05
0.143244527436446,0.634793795810958,-0.0104342528014811,0.77586057592915,9.47331123970947e-05,-0.0136657631455942,9.59899515692269e-05,-0.859973620404514,1.42393310603312e-05
0.14423794949405,0.634792239227927,-0.0105066814998356,0.775861295078406,9.53750847654134e-05,-0.0136657761839197,9.6658195355277e-05,-0.859976602931817,1.45490316470556e-05
0.145238261081064,0.6347906607051,-0.0105796138489613,0.775862024224238,9.60211958866298e-05,-0.0136657893975645,9.73311262109801e-05,-0.859979626575814,1.48652727792672e-05
0.146245509977397,0.634789059929518,-0.010653053369015,0.775862763505427,9.66714679375962e-05,-0.0136658027887979,9.80087777285841e-05,-0.859982691897781,1.51881909121326e-05
0.147259744294318,0.634787436583659,-0.0107270036051046,0.77586351306268,9.73259231136416e-05,-0.0136658163599163,9.86911837554683e-05,-0.859985799466497,1.55179253231857e-05
0.148281012476756,0.634785790345367,-0.0108014681274716,0.775864273038647,9.79845836258948e-05,-0.0136658301132428,9.93783783963553e-05,-0.859988949858346,1.58546181698374e-05
0.149309363305612,0.634784120887784,-0.0108764505316768,0.775865043577958,9.86474716985382e-05,-0.0136658440511284,0.00010007039601555,-0.859992143657411,1.61984145485294e-05
0.150344845900091,0.634782427879276,-0.0109519544387851,0.775865824827245,9.93146095660292e-05,-0.0136658581759512,0.000100767271239199,-0.859995381455575,1.65494625546658e-05
0.151387509720044,0.634780710983361,-0.0110279834955542,0.775866616935166,9.99860194701545e-05,-0.0136658724901174,0.000101469038957575,-0.859998663852616,1.69079133438971e-05
0.152437404568337,0.634778969858635,-0.0111045413746227,0.775867420052442,0.000100661723657114,-0.0136658869960613,0.00010217573432739,-0.860001991456312,1.72739211947714e-05
0.153494580593225,0.634777204158699,-0.0111816317747013,0.775868234331878,0.000101341744374425,-0.0136659016962454,0.00010288739277413,-0.860005364882541,1.76476435723577e-05
0.154559088290748,0.634775413532082,-0.0112592584207643,0.775869059928394,0.000102026103867819,-0.013665916593161,0.000103604049994414,-0.860008784755383,1.80292411934291e-05
0.155630978507143,0.634773597622162,-0.0113374250642434,0.775869896999055,0.000102714824377976,-0.013665931689328,0.000104325741958385,-0.860012251707225,1.84188780927852e-05
0.156710302441275,0.634771756067088,-0.0114161354832228,0.7758707457031,0.000103407928137279,-0.0136659469872955,0.00010505250491212,-0.860015766378865,1.88167216908786e-05
0.15779711164708,0.634769888499703,-0.0114953934826358,0.775871606201971,0.000104105437366315,-0.0136659624896417,0.000105784375380075,-0.860019329419621,1.92229428628982e-05
0.158891458036027,0.634767994547457,-0.0115752028944627,0.775872478659345,0.000104807374270505,-0.0136659781989746,0.000106521390167545,-0.860022941487435,1.96377160092409e-05
0.159993393879601,0.63476607383233,-0.011655567577931,0.775873363241163,0.000105513761036392,-0.0136659941179318,0.000107263586363163,-0.860026603248985,2.00612191272459e-05
0.161102971811794,0.634764125970746,-0.0117364914197164,0.775874260115662,0.000106224619828083,-0.0136660102491811,0.000108011001341423,-0.860030315379793,2.04936338845246e-05
0.162220244831628,0.634762150573487,-0.0118179783341456,0.775875169453406,0.000106939972783347,-0.0136660265954202,0.000108763672765227,-0.860034078564336,2.09351456937068e-05
0.163345266305675,0.634760147245606,-0.0119000322634013,0.775876091427321,0.000107659842009836,-0.0136660431593776,0.000109521638588465,-0.860037893496159,2.13859437886432e-05
0.164478089970617,0.634758115586342,-0.0119826571777282,0.775877026212722,0.000108384249581053,-0.0136660599438125,0.000110284937058625,-0.860041760877989,2.18462213019549e-05
0.165618769935804,0.634756055189026,-0.0120658570756405,0.775877973987352,0.000109113217532292,-0.0136660769515149,0.000111053606719426,-0.860045681421849,2.2316175344636e-05
0.166767360685846,0.634753965640995,-0.0121496359841314,0.775878934931409,0.000109846767856411,-0.013666094185306,0.000111827686413484,-0.860049655849174,2.27960070866701e-05
0.167923917083208,0.634751846523495,-0.0122339979588847,0.775879909227586,0.000110584922499591,-0.0136661116480384,0.000112607215285016,-0.860053684890931,2.32859218395887e-05
0.169088494370839,0.634749697411588,-0.0123189470844872,0.7758808970611,0.000111327703356853,-0.0136661293425964,0.000113392232782555,-0.860057769287733,2.37861291405711e-05
0.170261148174801,0.634747517874059,-0.0124044874746431,0.775881898619731,0.000112075132267613,-0.013666147271896,0.00011418277866172,-0.860061909789962,2.42968428381396e-05
0.171441934506935,0.634745307473317,-0.0124906232723904,0.775882914093853,0.000112827231010981,-0.0136661654388855,0.000114978892987996,-0.860066107157888,2.48182811797421e-05
0.172630909767531,0.634743065765295,-0.0125773586503187,0.775883943676476,0.000113584021301003,-0.0136661838465451,0.00011578061613956,-0.860070362161797,2.53506669009168e-05
0.173828130748022,0.634740792299351,-0.0126646978107889,0.775884987563273,0.000114345524781838,-0.0136662024978879,0.000116587988810131,-0.860074675582105,2.58942273162616e-05
0.1750336546337,0.634738486618167,-0.0127526449861549,0.775886045952626,0.000115111763022729,-0.0136662213959593,0.000117401052011859,-0.860079048209492,2.64491944121509e-05
0.176247539006444,0.634736148257641,-0.0128412044389859,0.775887119045656,0.000115882757512838,-0.0136662405438378,0.000118219847078239,-0.860083480845025,2.70158049414382e-05
0.177469841847474,0.634733776746791,-0.0129303804622922,0.775888207046265,0.000116658529656036,-0.013666259944635,0.000119044415667067,-0.860087974300284,2.75943005198925e-05
0.178700621540116,0.634731371607633,-0.0130201773797517,0.775889310161172,0.000117439100765487,-0.0136662796014958,0.000119874799763424,-0.860092529397493,2.81849277245089e-05
0.179939936872594,0.634728932355086,-0.013110599545938,0.775890428599954,0.000118224492058158,-0.0136662995175984,0.000120711041682699,-0.860097146969649,2.87879381939554e-05
0.181187847040838,0.634726458496853,-0.0132016513465513,0.775891562575081,0.00011901472464913,-0.0136663196961549,0.000121553184073638,-0.860101827860656,2.94035887307142e-05
0.182444411651309,0.634723949533311,-0.0132933371986503,0.775892712301961,0.000119809819545829,-0.0136663401404111,0.000122401269921443,-0.860106572925454,3.0032141405581e-05
0.183709690723849,0.634721404957396,-0.0133856615508863,0.775893877998976,0.00012060979764203,-0.0136663608536469,0.00012325534255089,-0.860111383030158,3.06738636638021e-05
0.184983744694544,0.634718824254487,-0.0134786288837391,0.775895059887525,0.000121414679711843,-0.0136663818391764,0.0001241154456295,-0.86011625905219,3.13290284337381e-05
0.186266634418617,0.634716206902286,-0.0135722437097547,0.775896258192063,0.000122224486403404,-0.013666403100348,0.000124981623170731,-0.860121201880415,3.19979142371918e-05
0.187558421173328,0.6347135523707,-0.0136665105737849,0.775897473140149,0.000123039238232557,-0.0136664246405447,0.000125853919537219,-0.860126212415285,3.26808053024569e-05
0.188859166660905,0.634710860121715,-0.0137614340532291,0.77589870496248,0.000123858955576268,-0.0136664464631841,0.000126732379444051,-0.860131291568974,3.33779916789484e-05
0.190168933011491,0.634708129609274,-0.0138570187582778,0.77589995389294,0.000124683658665917,-0.0136664685717186,0.000127617047962078,-0.860136440265519,3.40897693546782e-05
0.191487782786108,0.634705360279151,-0.0139532693321575,0.775901220168642,0.000125513367580463,-0.0136664909696359,0.000128507970521266,-0.860141659440963,3.48164403756179e-05
0.192815778979652,0.63470255156882,-0.0140501904513787,0.775902504029972,0.000126348102239396,-0.0136665136604583,0.00012940519291409,-0.860146950043503,3.5558312967407e-05
0.194152985023894,0.634699702907324,-0.0141477868259848,0.775903805720636,0.000127187882395532,-0.0136665366477436,0.00013030876129896,-0.860152313033629,3.6315701659892e-05
0.195499464790516,0.634696813715144,-0.0142460631998037,0.7759051254877,0.000128032727627687,-0.013666559935085,0.000131218722203694,-0.860157749384272,3.7088927413359e-05
0.196855282594159,0.634693883404062,-0.0143450243507009,0.775906463581641,0.000128882657333063,-0.0136665835261111,0.00013213512252903,-0.860163260080956,3.78783177478886e-05
0.198220503195496,0.634690911377022,-0.0144446750908348,0.775907820256394,0.000129737690719601,-0.013666607424486,0.000133058009552184,-0.860168846121942,3.86842068748616e-05
0.199595191804325,0.634687897027994,-0.0145450202669143,0.775909195769396,0.000130597846797989,-0.0136666316339095,0.000133987430930435,-0.860174508518382,3.95069358311295e-05
0.200979414082682,0.634684839741826,-0.0146460647604577,0.775910590381636,0.000131463144373643,-0.0136666561581171,0.000134923434704776,-0.86018024829447,4.03468526157524e-05
0.202373236147981,0.634681738894102,-0.0147478134880545,0.775912004357703,0.00013233360203839,-0.0136666810008802,0.000135866069303583,-0.860186066487596,4.12043123294015e-05
0.203776724576168,0.634678593850997,-0.0148502714016288,0.775913437965836,0.000133209238161982,-0.0136667061660059,0.00013681538354635,-0.860191964148499,4.20796773165089e-05
0.205189946404906,0.63467540396912,-0.0149534434887046,0.775914891477972,0.000134090070883389,-0.0136667316573374,0.000137771426647452,-0.860197942341426,4.29733173100549e-05
0.206612969136771,0.634672168595372,-0.0150573347726737,0.7759163651698,0.000134976118101982,-0.0136667574787538,0.000138734248219961,-0.860204002144288,4.38856095793527e-05
0.208045860742482,0.634668887066778,-0.0151619503130654,0.775917859320809,0.000135867397468445,-0.0136667836341703,0.000139703898279509,-0.860210144648819,4.48169390803721e-05
0.209488689664142,0.63466555871034,-0.0152672952058182,0.775919374214342,0.00013676392637535,-0.0136668101275379,0.000140680427248188,-0.860216370960735,4.57676986092836e-05
0.210941524818514,0.634662182842873,-0.0153733745835541,0.775920910137647,0.000137665721947809,-0.0136668369628438,0.000141663885958505,-0.860222682199901,4.67382889587226e-05
0.212404435600306,0.634658758770838,-0.0154801936158544,0.775922467381931,0.000138572801033635,-0.0136668641441113,0.000142654325657382,-0.860229079500486,4.7729119077064e-05
0.21387749188549,0.634655285790181,-0.0155877575095382,0.775924046242417,0.000139485180193428,-0.0136668916753994,0.000143651798010205,-0.860235564011136,4.87406062311957e-05
0.215360764034637,0.634651763186163,-0.0156960715089429,0.775925647018393,0.000140402875690306,-0.0136669195608033,0.000144656355104919,-0.860242136895133,4.97731761716358e-05
0.21685432289628,0.634648190233186,-0.0158051408962067,0.775927270013273,0.000141325903479577,-0.0136669478044541,0.000145668049456171,-0.860248799330567,5.08272633014256e-05
0.218358239810298,0.634644566194619,-0.0159149709915535,0.77592891553465,0.000142254279198055,-0.0136669764105187,0.00014668693400951,-0.860255552510499,5.1903310848006e-05
0.21987258661132,0.634640890322623,-0.0160255671535803,0.775930583894355,0.000143188018153089,-0.0136670053831999,0.000147713062145627,-0.860262397643138,5.30017710384662e-05
0.22139743563216,0.634637161857964,-0.0161369347795457,0.775932275408514,0.000144127135311471,-0.013667034726736,0.000148746487684657,-0.860269335952008,5.41231052781088e-05
0.222932859707273,0.634633380029837,-0.0162490793056625,0.775933990397607,0.000145071645288035,-0.0136670644454009,0.000149787264890523,-0.860276368676119,5.52677843321664e-05
0.224478932176229,0.634629544055669,-0.0163620062073904,0.775935729186525,0.000146021562333912,-0.0136670945435043,0.000150835448475342,-0.860283497070147,5.64362885116243e-05
0.22603572688722,0.634625653140939,-0.016475720999733,0.775937492104635,0.000146976900324704,-0.0136671250253907,0.000151891093603873,-0.860290722404603,5.7629107861723e-05
0.227603318200585,0.634621706478977,-0.0165902292375354,0.775939279485837,0.000147937672748191,-0.01366715589544,0.000152954255898029,-0.860298045966011,5.88467423546513e-05
0.229181780992365,0.634617703250766,-0.016705536515785,0.775941091668626,0.000148903892691888,-0.0136671871580671,0.000154024991441438,-0.86030546905709,6.00897020858748e-05
0.230771190657875,0.634613642624749,-0.0168216484699148,0.77594292899616,0.000149875572830305,-0.0136672188177215,0.000155103356784059,-0.860312992996927,6.1358507473519e-05
0.23237162311531,0.634609523756616,-0.016938570776108,0.775944791816313,0.000150852725411894,-0.0136672508788873,0.000156189408946857,-0.860320619121161,6.26536894624552e-05
0.233983154809368,0.634605345789102,-0.0170563091516056,0.775946680481752,0.000151835362245684,-0.013667283346083,0.000157283205426531,-0.860328348782166,6.39757897315379e-05
0.235605862714901,0.634601107851773,-0.0171748693550168,0.775948595349991,0.000152823494687686,-0.013667316223861,0.000158384804200302,-0.86033618334923,6.53253609049498e-05
0.237239824340596,0.634596809060813,-0.0172942571866305,0.775950536783465,0.000153817133626943,-0.0136673495168073,0.000159494263730755,-0.86034412420874,6.67029667676261e-05
0.238885117732672,0.634592448518801,-0.0174144784887302,0.775952505149593,0.000154816289471272,-0.0136673832295416,0.000160611642970747,-0.860352172764371,6.81091824846353e-05
0.240541821478611,0.634588025314496,-0.017535539145911,0.775954500820846,0.000155820972132719,-0.0136674173667164,0.000161737001368364,-0.860360330437267,6.95445948244861e-05
0.242210014710909,0.634583538522601,-0.0176574450853983,0.775956524174818,0.000156831191012605,-0.0136674519330172,0.000162870398871949,-0.860368598666235,7.10098023869454e-05
0.24388977711086,0.63457898720354,-0.0177802022773698,0.775958575594293,0.000157846954986447,-0.0136674869331615,0.00016401189593518,-0.860376978907928,7.25054158348809e-05
0.24558118891236,0.634574370403219,-0.0179038167352797,0.775960655467318,0.000158868272388282,-0.013667522371899,0.00016516155352222,-0.860385472637038,7.40320581304743e-05
0.247284330905736,0.63456968715279,-0.0180282945161845,0.775962764187273,0.000159895150994786,-0.0136675582540106,0.000166319433112919,-0.860394081346486,7.55903647757794e-05
0.24899928444161,0.634564936468404,-0.0181536417210724,0.775964902152944,0.000160927598009123,-0.0136675945843085,0.000167485596708089,-0.860402806547615,7.71809840577758e-05
0.250726131434783,0.634560117350971,-0.0182798644951941,0.775967069768598,0.000161965620044197,-0.0136676313676352,0.000168660106834835,-0.860411649770385,7.88045772981416e-05
0.252464954368146,0.634555228785901,-0.0184069690283966,0.775969267444053,0.000163009223105831,-0.0136676686088631,0.000169843026551953,-0.860420612563563,8.04618191071055e-05
0.254215836296621,0.63455026974285,-0.0185349615554587,0.775971495594759,0.000164058412575326,-0.0136677063128942,0.000171034419455396,-0.860429696494921,8.21533976428784e-05
0.25597886085113,0.634545239175463,-0.0186638483564303,0.775973754641871,0.000165113193191808,-0.0136677444846591,0.000172234349683799,-0.860438903151432,8.38800148747765e-05
0.257754112242586,0.634540136021106,-0.0187936357569724,0.775976045012328,0.00016617356903411,-0.0136677831291166,0.000173442881924077,-0.860448234139469,8.56423868520195e-05
0.259541675265918,0.634534959200593,-0.0189243301287008,0.775978367138932,0.000167239543502232,-0.0136678222512531,0.000174660081417093,-0.860457691084999,8.74412439771655e-05
0.261341635304121,0.634529707617918,-0.0190559378895317,0.775980721460424,0.000168311119298537,-0.0136678618560818,0.000175886013963382,-0.860467275633786,8.92773312845124e-05
0.263154078332332,0.634524380159971,-0.0191884655040299,0.77598310842157,0.000169388298408363,-0.0136679019486418,0.000177120745928959,-0.860476989451589,9.11514087235388e-05
0.26497909092194,0.634518975696254,-0.019321919483759,0.775985528473239,0.000170471082080348,-0.0136679425339977,0.000178364344251184,-0.860486834224363,9.30642514477414e-05
0.266816760244719,0.634513493078594,-0.019456306387635,0.775987982072486,0.000171559470806239,-0.0136679836172385,0.000179616876444704,-0.860496811658462,9.50166501084704e-05
0.268667174076992,0.634507931140845,-0.0195916328222808,0.775990469682638,0.000172653464300364,-0.0136680252034767,0.000180878410607468,-0.86050692348084,9.70094111541059e-05
0.270530420803823,0.634502288698589,-0.0197279054423852,0.775992991773378,0.000173753061478508,-0.0136680672978476,0.00018214901542681,-0.860517171439252,9.90433571350369e-05
0.27240658942324,0.634496564548833,-0.019865130951062,0.775995548820831,0.000174858260436596,-0.0136681099055084,0.000183428760185602,-0.860527557302462,0.000101119327013566
0.274295769550488,0.634490757469695,-0.0200033161002134,0.775998141307649,0.000175969058428545,-0.013668153031637,0.000184717714768493,-0.860538082860444,0.000103238176479697
0.276198051422303,0.634484866220091,-0.0201424676908952,0.776000769723106,0.000177085451844042,-0.0136681966814309,0.000186015949668206,-0.86054874992459,0.000105400778272868
0.278113525901229,0.634478889539411,-0.0202825925736835,0.77600343456318,0.000178207436185518,-0.0136682408601066,0.000187323535991922,-0.860559560327911,0.000107608022508865
0.280042284479955,0.634472826147192,-0.0204236976490456,0.776006136330648,0.000179335006044851,-0.013668285572898,0.000188640545467735,-0.860570515925245,0.000109860817012974
0.281984419285683,0.634466674742786,-0.0205657898677116,0.776008875535179,0.000180468155079414,-0.0136683308250553,0.000189967050451183,-0.860581618593468,0.000112160087659033
0.283940023084533,0.634460434005017,-0.0207088762310495,0.776011652693424,0.000181606875987759,-0.013668376621844,0.000191303123931861,-0.860592870231691,0.000114506778714468
0.285909189285972,0.63445410259184,-0.0208529637914423,0.776014468329112,0.000182751160484676,-0.0136684229685435,0.000192648839540108,-0.860604272761476,0.000116901853191437
0.287892011947275,0.634447679139988,-0.0209980596526671,0.776017322973149,0.00018390099927575,-0.0136684698704457,0.00019400427155377,-0.860615828127038,0.000119346293204287
0.289888585778017,0.634441162264612,-0.0211441709702777,0.776020217163709,0.000185056382031399,-0.0136685173328536,0.000195369494905052,-0.860627538295453,0.00012184110033317
0.291899006144599,0.634434550558921,-0.0212913049519877,0.776023151446335,0.000186217297360344,-0.01366856536108,0.000196744585187442,-0.860639405256871,0.000124387295994177
0.293923369074803,0.634427842593806,-0.0214394688580581,0.776026126374042,0.000187383732782487,-0.0136686139604459,0.000198129618662718,-0.860651431024715,0.000126985921815925
0.295961771262377,0.634421036917468,-0.0215886700016852,0.776029142507413,0.000188555674701361,-0.013668663136279,0.000199524672268039,-0.860663617635896,0.00012963804002275
0.298014310071653,0.634414132055032,-0.0217389157493926,0.776032200414702,0.000189733108375702,-0.0136687128939119,0.000200929823623119,-0.860675967151015,0.000132344733824841
0.300081083542203,0.634407126508153,-0.021890213521424,0.776035300671942,0.000190916017890817,-0.0136687632386805,0.000202345151037478,-0.860688481654577,0.000135107107814419
0.302162190393513,0.634400018754624,-0.0220425707921389,0.776038443863046,0.000192104386128985,-0.0136688141759225,0.000203770733517786,-0.860701163255193,0.000137926288369686
0.304257730029708,0.634392807247967,-0.0221959950904108,0.776041630579914,0.000193298194739469,-0.013668865710975,0.000205206650775283,-0.860714014085788,0.000140803424065389
0.306367802544292,0.634385490417021,-0.0223504940000274,0.77604486142254,0.000194497424107751,-0.0136689178491732,0.000206652983233295,-0.860727036303809,0.000143739686090272
0.308492508724934,0.634378066665524,-0.0225060751600922,0.776048136999126,0.000195702053324292,-0.0136689705958482,0.00020810981203482,-0.860740232091431,0.000146736268671843
0.31063195005828,0.634370534371686,-0.02266274626543,0.776051457926186,0.000196912060152443,-0.0136690239563246,0.000209577219050221,-0.860753603655762,0.000149794389508934
0.312786228734801,0.634362891887754,-0.0228205150669927,0.776054824828664,0.000198127420995835,-0.0136690779359191,0.000211055286884986,-0.860767153229051,0.000152915290210554
0.314955447653674,0.634355137539567,-0.0229793893722682,0.776058238340042,0.000199348110865003,-0.0136691325399377,0.000212544098887591,-0.860780883068886,0.000156100236743145
0.317139710427697,0.63434726962611,-0.0231393770456917,0.776061699102463,0.000200574103343377,-0.0136691877736738,0.000214043739157448,-0.860794795458405,0.000159350519885526
0.319339121388238,0.634339286419053,-0.0233004860090576,0.77606520776684,0.000201805370552463,-0.0136692436424054,0.000215554292552933,-0.860808892706493,0.000162667455690463
0.321553785590219,0.634331186162288,-0.0234627242419352,0.776068764992977,0.000203041883116394,-0.0136693001513932,0.000217075844699522,-0.860823177147989,0.000166052385955046
0.323783808817133,0.634322967071447,-0.0236260997820847,0.776072371449691,0.000204283610125755,-0.0136693573058778,0.000218608481997997,-0.860837651143881,0.000169506678698944
0.326029297586097,0.634314627333428,-0.0237906207258765,0.77607602781493,0.000205530519100577,-0.013669415111077,0.000220152291632758,-0.86085231708151,0.000173031728649548
0.328290359152942,0.634306165105895,-0.0239562952287114,0.776079734775898,0.000206782575952573,-0.0136694735721832,0.00022170736158022,-0.860867177374768,0.000176628957736791
0.330567101517332,0.634297578516783,-0.0241231315054433,0.776083493029181,0.000208039744946653,-0.0136695326943607,0.000223273780617308,-0.86088223446429,0.000180299815594975
0.332859633427924,0.634288865663787,-0.0242911378308027,0.776087303280869,0.000209301988661613,-0.0136695924827426,0.000224851638330031,-0.860897490817654,0.000184045780073638
0.335168064387565,0.634280024613842,-0.0244603225398235,0.776091166246688,0.000210569267949962,-0.013669652942428,0.000226441025122166,-0.860912948929576,0.000187868357755916
0.337492504658521,0.634271053402596,-0.0246306940282698,0.776095082652128,0.000211841541896997,-0.0136697140784785,0.000228042032224029,-0.860928611322096,0.000191769084486898
0.339833065267741,0.634261950033875,-0.0248022607530654,0.776099053232574,0.000213118767778957,-0.0136697758959158,0.000229654751701329,-0.860944480544772,0.000195749525909034
0.342189858012163,0.634252712479134,-0.0249750312327247,0.776103078733439,0.00021440090102038,-0.0136698383997175,0.000231279276464137,-0.860960559174868,0.000199811278007306
0.344562995464054,0.6342433386769,-0.0251490140477845,0.776107159910302,0.000215687895150536,-0.0136699015948142,0.000232915700275933,-0.860976849817537,0.000203955967662733
0.346952590976386,0.63423382653221,-0.0253242178412382,0.77611129752904,0.000216979701758942,-0.013669965486086,0.000234564117762757,-0.860993355106009,0.00020818525321542
0.349358758688252,0.634224173916031,-0.0255006513189698,0.776115492365968,0.000218276270450041,-0.0136700300783584,0.000236224624422449,-0.861010077701767,0.000212500825035433
0.351781613530314,0.634214378664674,-0.0256783232501918,0.776119745207983,0.000219577548796868,-0.0136700953763993,0.000237897316633993,-0.86102702029473,0.000216904406104362
0.354221271230298,0.634204438579201,-0.0258572424678813,0.776124056852701,0.000220883482293814,-0.0136701613849142,0.000239582291666952,-0.861044185603426,0.000221397752604879
0.356677848318515,0.634194351424813,-0.0260374178692195,0.776128428108601,0.000222194014308355,-0.013670228108543,0.000241279647690995,-0.861061576375165,0.000225982654520368
0.359151462133436,0.634184114930236,-0.0262188584160309,0.776132859795179,0.000223509086031859,-0.0136702955518556,0.00024298948378553,-0.861079195386213,0.000230660936243771
0.361642230827288,0.634173726787088,-0.0264015731352244,0.776137352743082,0.000224828636429364,-0.0136703637193473,0.000244711899949426,-0.861097045441952,0.000235434457195705
0.364150273371703,0.634163184649245,-0.0265855711192347,0.776141907794273,0.000226152602188286,-0.013670432615435,0.00024644699711084,-0.861115129377047,0.000240305112452932
0.366675709563398,0.634152486132187,-0.0267708615264647,0.776146525802171,0.000227480917666147,-0.0136705022444522,0.000248194877137128,-0.861133450055608,0.000245274833385933
0.369218660029898,0.634141628812334,-0.0269574535817288,0.77615120763181,0.000228813514837091,-0.0136705726106446,0.000249955642844865,-0.861152010371342,0.000250345588306444
0.371779246235299,0.634130610226373,-0.0271453565766962,0.776155954159995,0.000230150323237532,-0.0136706437181653,0.000251729398009955,-0.861170813247708,0.00025551938312543
0.374357590486067,0.634119427870577,-0.0273345798703351,0.776160766275458,0.000231491269910428,-0.0136707155710696,0.000253516247377844,-0.861189861638065,0.000260798262020578
0.376953815936883,0.6341080792001,-0.0275251328893577,0.776165644879021,0.000232836279348635,-0.0136707881733102,0.000255316296673817,-0.861209158525813,0.000266184308113954
0.379568046596523,0.634096561628272,-0.0277170251286648,0.776170590883753,0.000234185273436965,-0.0136708615287318,0.000257129652613413,-0.861228706924537,0.000271679644160278
0.382200407333782,0.634084872525876,-0.0279102661517906,0.776175605215139,0.000235538171393095,-0.0136709356410656,0.000258956422912913,-0.861248509878141,0.000277286433245344
0.384851023883439,0.634073009220413,-0.0281048655913482,0.776180688811244,0.000236894889707261,-0.013671010513924,0.000260796716299938,-0.861268570460974,0.000283006879494591
0.387520022852263,0.634060968995354,-0.028300833149474,0.776185842622884,0.000238255342080773,-0.0136710861507945,0.000262650642524139,-0.86128889177796,0.000288843228792829
0.390207531725059,0.634048749089382,-0.0284981785982733,0.776191067613792,0.000239619439363195,-0.0136711625550344,0.00026451831236799,-0.861309476964716,0.000294797769513966
0.392913678870758,0.634036346695614,-0.0286969117802635,0.776196364760798,0.000240987089488276,-0.0136712397298639,0.000266399837657652,-0.861330329187666,0.000300872833261467
0.395638593548549,0.634023758960823,-0.0288970426088193,0.776201735053996,0.000242358197408532,-0.0136713176783606,0.000268295331273969,-0.86135145164415,0.000307070795620146
0.398382405914052,0.634010982984627,-0.0290985810686154,0.776207179496931,0.000243732665028605,-0.0136713964034527,0.000270204907163523,-0.861372847562526,0.000313394076918522
0.401145247025537,0.633998015818684,-0.029301537216069,0.77621269910677,0.000245110391137143,-0.0136714759079125,0.000272128680349802,-0.86139452020227,0.00031984514300154
0.403927248850181,0.633984854465861,-0.0295059211797811,0.776218294914492,0.00024649127133728,-0.0136715561943495,0.000274066766944451,-0.861416472854062,0.000326426506015304
0.406728544270374,0.633971495879389,-0.0297117431609781,0.776223967965068,0.000247875197975804,-0.0136716372652036,0.000276019284158628,-0.861438708839869,0.000333140725202491
0.409549267090063,0.633957936962014,-0.0299190134339501,0.77622971931765,0.000249262060070754,-0.0136717191227378,0.000277986350314435,-0.861461231513028,0.00033999040770849
0.412389552041149,0.633944174565118,-0.0301277423464888,0.776235550045761,0.000250651743237656,-0.013671801769031,0.000279968084856445,-0.86148404425831,0.000346978209399579
0.415249534789915,0.633930205487844,-0.0303379403203242,0.776241461237486,0.000252044129614173,-0.0136718852059701,0.000281964608363327,-0.861507150491984,0.000354106835691842
0.418129351943512,0.633916026476184,-0.0305496178515591,0.776247453995669,0.000253439097783192,-0.0136719694352425,0.000283976042559547,-0.861530553661873,0.000361379042391724
0.421029141056481,0.633901634222072,-0.0307627855111008,0.776253529438107,0.000254836522694403,-0.0136720544583278,0.000286002510327154,-0.861554257247397,0.000368797636547957
0.423949040637325,0.63388702536245,-0.0309774539450923,0.776259688697754,0.000256236275584187,-0.0136721402764902,0.000288044135717676,-0.861578264759615,0.000376365477315121
0.426889190155123,0.633872196478323,-0.0311936338753402,0.776265932922922,0.000257638223894109,-0.0136722268907693,0.000290101043964061,-0.861602579741254,0.000384085476828167
0.429849730046193,0.633857144093794,-0.0314113360997395,0.776272263277484,0.000259042231187362,-0.0136723143019719,0.000292173361492739,-0.86162720576673,0.000391960601089592
0.432830801720801,0.633841864675091,-0.0316305714926971,0.776278680941086,0.00026044815706372,-0.0136724025106631,0.000294261215935739,-0.861652146442162,0.000399993870867227
0.435832547569911,0.633826354629568,-0.0318513510055508,0.776285187109354,0.000261855857072807,-0.013672491517157,0.000296364736142904,-0.86167740540537,0.0004081883626047
0.438855110971994,0.633810610304696,-0.032073685666986,0.776291782994112,0.00026326518262549,-0.0136725813215073,0.000298484052194165,-0.861702986325875,0.000416547209342255
0.441898636299867,0.633794627987035,-0.0322975865834488,0.776298469823593,0.000264675980903371,-0.013672671923498,0.000300619295411912,-0.861728892904877,0.000425073601651116
0.444963268927599,0.633778403901194,-0.0325230649395551,0.776305248842664,0.000266088094766623,-0.0136727633226333,0.000302770598373425,-0.861755128875228,0.000433770788578175
0.448049155237445,0.633761934208764,-0.0327501319984965,0.776312121313044,0.00026750136265985,-0.0136728555181275,0.000304938094923381,-0.861781698001401,0.000442642078602978
0.451156442626847,0.633745215007243,-0.0329787991024407,0.77631908851353,0.000268915618515837,-0.0136729485088947,0.000307121920186435,-0.861808604079432,0.000451690840607033
0.454285279515466,0.633728242328939,-0.0332090776729286,0.776326151740228,0.00027033069165773,-0.0136730422935381,0.000309322210579859,-0.861835850936867,0.000460920504854162
0.457435815352278,0.633711012139858,-0.0334409792112667,0.776333312306779,0.00027174640669865,-0.0136731368703391,0.000311539103826262,-0.861863442432688,0.000470334563983321
0.46060820062271,0.63369352033857,-0.0336745152989141,0.776340571544597,0.000273162583439762,-0.0136732322372463,0.00031377273896636,-0.86189138245723,0.00047993657401299
0.463802586855826,0.633675762755062,-0.0339096975978635,0.776347930803106,0.000274579036766046,-0.0136733283918637,0.000316023256371808,-0.861919674932086,0.000489730155357304
0.467019126631568,0.633657735149571,-0.0341465378510187,0.776355391449979,0.000275995576539727,-0.0136734253314393,0.000318290797758098,-0.861948323809997,0.000499718993854675
0.470257973588042,0.633639433211391,-0.0343850478825639,0.776362954871384,0.000277412007491713,-0.0136735230528527,0.000320575506197504,-0.861977333074731,0.000509906841807378
0.473519282428857,0.633620852557679,-0.0346252395983289,0.776370622472227,0.000278828129110925,-0.0136736215526033,0.000322877526132077,-0.86200670674095,0.000520297519033597
0.476803208930514,0.633601988732222,-0.0348671249861461,0.776378395676406,0.000280243735531031,-0.0136737208267971,0.000325197003386699,-0.862036448854061,0.000530894913930796
0.480109909949849,0.633582837204196,-0.0351107161162021,0.776386275927062,0.00028165861541489,-0.0136738208711342,0.000327534085182174,-0.862066563490051,0.000541702984551362
0.483439543431522,0.633563393366907,-0.0353560251413811,0.776394264686839,0.000283072551836891,-0.0136739216808952,0.000329888920148356,-0.862097054755312,0.000552725759689177
0.486792268415562,0.633543652536507,-0.0356030642976018,0.776402363438139,0.000284485322162499,-0.0136740232509279,0.000332261658337332,-0.862127926786448,0.000563967339978599
0.490168245044966,0.63352360995069,-0.0358518459041459,0.77641057368339,0.000285896697925454,-0.0136741255756333,0.000334652451236626,-0.862159183750068,0.000575431899004775
0.493567634573345,0.633503260767375,-0.0361023823639784,0.776418896945313,0.000287306444702519,-0.0136742286489516,0.000337061451782431,-0.862190829842562,0.000587123684424901
0.496990599372628,0.633482600063361,-0.0363546861640599,0.77642733476719,0.000288714321985392,-0.0136743324643473,0.000339488814372886,-0.862222869289863,0.000599047019102128
0.500437302940819,0.633461622832967,-0.0366087698756495,0.776435888713139,0.000290120083050099,-0.0136744370147944,0.00034193469488135,-0.862255306347189,0.000611206302249312
0.503907909909802,0.633440323986649,-0.0368646461545987,0.776444560368397,0.000291523474823661,-0.0136745422927613,0.000344399250669716,-0.862288145298772,0.000623606010585254
0.50740258605321,0.633418698349596,-0.0371223277416361,0.776453351339593,0.000292924237747988,-0.0136746482901955,0.000346882640601729,-0.862321390457565,0.000636250699501378
0.510921498294339,0.633396740660307,-0.0373818274626406,0.77646226325504,0.000294322105640725,-0.0136747549985068,0.00034938502505631,-0.862355046164937,0.000649145004239793
0.514464814714125,0.633374445569149,-0.0376431582289059,0.776471297765022,0.000295716805553535,-0.013674862408552,0.000351906565940888,-0.862389116790345,0.000662293641081974
0.518032704559168,0.633351807636885,-0.037906333037393,0.776480456542087,0.000297108057627081,-0.0136749705106176,0.000354447426704729,-0.862423606730989,0.000675701408548196
0.52162533824982,0.633328821333191,-0.0381713649709721,0.776489741281344,0.000298495574943144,-0.0136750792944028,0.000357007772352268,-0.862458520411445,0.000689373188608233
0.525242887388322,0.633305481035146,-0.0384382671986523,0.776499153700762,0.00029987906337358,-0.0136751887490025,0.000359587769456409,-0.862493862283286,0.000703313947901324
0.528885524767003,0.633281781025702,-0.038707052975799,0.776508695541479,0.000301258221426126,-0.0136752988628891,0.000362187586171823,-0.862529636824674,0.000717528738967382
0.532553424376533,0.633257715492129,-0.0389777356443398,0.776518368568107,0.000302632740086857,-0.0136754096238944,0.000364807392248227,-0.862565848539936,0.0007320227014882
0.536246761414231,0.633233278524445,-0.0392503286329555,0.776528174569047,0.000304002302659402,-0.0136755210191912,0.000367447359043614,-0.862602501959119,0.000746801063537833
0.539965712292437,0.633208464113814,-0.0395248454572598,0.776538115356805,0.000305366584600786,-0.013675633035274,0.000370107659537465,-0.862639601637524,0.000761869142843541
0.543710454646936,0.633183266150935,-0.0398012997199624,0.776548192768311,0.00030672525335363,-0.0136757456579399,0.00037278846834391,-0.862677152155212,0.000777232348056017
0.547481167345445,0.633157678424391,-0.0400797051110204,0.776558408665251,0.00030807796817494,-0.0136758588722686,0.00037548996172485,-0.8627151581165,0.000792896180028146
0.551278030496154,0.633131694618994,-0.040360075407772,0.776568764934391,0.000309424379961259,-0.0136759726626025,0.000378212317603008,-0.86275362414942,0.000808866233103861
0.55510122545633,0.633105308314095,-0.0406424244750576,0.776579263487912,0.000310764131069986,-0.0136760870125255,0.000380955715574935,-0.862792554905162,0.000825148196414743
0.558950934840979,0.633078512981877,-0.0409267662653216,0.776589906263752,0.000312096855136813,-0.0136762019048424,0.000383720336923932,-0.862831955057498,0.000841747855186092
0.56282734253157,0.633051301985619,-0.0412131148187007,0.776600695225943,0.00031342217688967,-0.0136763173215573,0.000386506364632904,-0.862871829302166,0.00085867109204979
0.566730633684818,0.633023668577945,-0.0415014842630928,0.776611632364965,0.000314739711958008,-0.0136764332438515,0.000389313983397126,-0.86291218235625,0.000875923888366631
0.570660994741526,0.632995605899049,-0.0417918888142099,0.776622719698094,0.000316049066678675,-0.0136765496520612,0.000392143379636912,-0.862953018957513,0.00089351232555504
0.574618613435493,0.632967106974887,-0.0420843427756129,0.77663395926976,0.000317349837897114,-0.0136766665256549,0.000394994741510202,-0.862994343863724,0.000911442586427474
0.578603678802477,0.632938164715359,-0.042378860538725,0.776645353151907,0.000318641612764577,-0.0136767838432096,0.000397868258925003,-0.863036161851943,0.000929720956533403
0.582616381189231,0.632908771912461,-0.0426754565828304,0.776656903444364,0.00031992396853079,-0.0136769015823874,0.000400764123551758,-0.863078477717787,0.000948353825509562
0.586656912262587,0.632878921238412,-0.0429741454750486,0.776668612275208,0.000321196472332211,-0.0136770197199113,0.000403682528835547,-0.863121296274671,0.000967347688434927
0.590725465018618,0.632848605243764,-0.0432749418702917,0.776680481801146,0.000322458680975662,-0.0136771382315403,0.000406623670008184,-0.863164622353011,0.000986709147193093
0.594822233791852,0.632817816355484,-0.0435778605111982,0.776692514207897,0.000323710140717297,-0.0136772570920444,0.000409587744100146,-0.863208460799409,0.00100644491183846
0.598947414264556,0.63278654687501,-0.0438829162280468,0.776704711710569,0.00032495038703672,-0.013677376275179,0.000412574949952365,-0.863252816475805,0.00102656180196845
0.603101203476082,0.632754788976295,-0.0441901239386476,0.776717076554059,0.000326178944406334,-0.0136774957536584,0.000415585488227848,-0.863297694258597,0.00104706674809923
0.607283799832281,0.632722534703814,-0.0444994986482096,0.776729611013446,0.000327395326055274,-0.0136776154991299,0.000418619561423119,-0.863343099037741,0.00106796679304599
0.611495403114975,0.632689775970555,-0.044811055449186,0.776742317394388,0.000328599033728699,-0.0136777354821458,0.000421677373879483,-0.863389035715801,0.00108926909330639
0.615736214491506,0.632656504555987,-0.0451248095210943,0.776755198033534,0.000329789557441319,-0.0136778556721366,0.000424759131794097,-0.863435509206993,0.00111098092044723
0.620006436524339,0.632622712104004,-0.0454407761303127,0.776768255298931,0.000330966375225866,-0.0136779760373821,0.00042786504323083,-0.863482524436178,0.00113310966249333
0.624306273180741,0.632588390120841,-0.0457589706298497,0.776781491590444,0.0003321289528758,-0.0136780965449837,0.000430995318130908,-0.863530086337835,0.00115566282531804
0.628635929842521,0.632553529972975,-0.0460794084590893,0.776794909340176,0.000333276743682442,-0.0136782171608345,0.00043415016832333,-0.863578199854994,0.0011786480340357
0.632995613315842,0.632518122884996,-0.0464021051435085,0.776808511012895,0.000334409188166379,-0.0136783378495899,0.000437329807535054,-0.86362686993814,0.00120207303439457
0.637385531841099,0.632482159937461,-0.0467270762943667,0.776822299106469,0.000335525713802652,-0.0136784585746376,0.000440534451400917,-0.863676101544083,0.00122594569416939
0.641805895102865,0.63244563206472,-0.0470543376083699,0.776836276152306,0.00033662573474022,-0.0136785792980667,0.000443764317473309,-0.863725899634796,0.00125027400455432
0.646256914239905,0.632408530052719,-0.0473839048673024,0.776850444715791,0.000337708651514904,-0.0136786999806369,0.000447019625231559,-0.863776269176217,0.00127506608155417
0.650738801855265,0.632370844536785,-0.0477157939376315,0.776864807396743,0.000338773850756091,-0.013678820581746,0.000450300596091034,-0.863827215137014,0.0013003301673738
0.655251772026422,0.632332565999391,-0.0480500207700823,0.776879366829871,0.000339820704886779,-0.0136789410593984,0.000453607453411956,-0.86387874248732,0.00132607463180556
0.659796040315516,0.632293684767882,-0.0483866013991801,0.776894125685227,0.00034084857181714,-0.0136790613701721,0.00045694042250788,-0.863930856197428,0.00135230797361219
0.664371823779638,0.632254191012203,-0.0487255519427624,0.776909086668682,0.000341856794630876,-0.0136791814691851,0.000460299730653864,-0.863983561236455,0.00137903882190826
0.668979340981204,0.632214074742583,-0.0490668886014585,0.776924252522393,0.000342844701264972,-0.0136793013100618,0.000463685607094293,-0.864036862570962,0.00140627593753412
0.673618811998395,0.632173325807214,-0.0494106276581366,0.776939626025288,0.000343811604182051,-0.0136794208448984,0.000467098283050356,-0.864090765163545,0.00143402821442595
0.678290458435663,0.632131933889899,-0.0497567854773163,0.776955209993542,0.000344756800035012,-0.0136795400242285,0.000470537991727146,-0.864145273971385,0.00146230468097985
0.682994503434323,0.632089888507677,-0.0501053785045471,0.776971007281077,0.000345679569324978,-0.0136796587969868,0.000474004968320383,-0.864200393944759,0.00149111450140732
0.687731171683206,0.63204717900844,-0.0504564232657537,0.776987020780053,0.00034657917605066,-0.0136797771104736,0.000477499450022755,-0.864256130025517,0.00152046697708458
0.692500689429393,0.632003794568512,-0.050809936366542,0.77700325342137,0.000347454867350286,-0.0136798949103182,0.000481021676029823,-0.864312487145518,0.00155037154789189
0.697303284489026,0.631959724190222,-0.0511659344914714,0.777019708175186,0.000348305873135266,-0.0136800121404417,0.000484571887545522,-0.864369470225025,0.00158083779354351
0.70213918625818,0.631914956699446,-0.0515244344032895,0.77703638805142,0.000349131405715616,-0.0136801287430193,0.000488150327787222,-0.86442708417107,0.00161187543490765
0.70700862572383,0.631869480743137,-0.0518854529421281,0.777053296100283,0.000349930659416908,-0.0136802446584422,0.000491757241990317,-0.864485333875765,0.00164349433531386
0.71191183547488,0.631823284786834,-0.0522490070246604,0.777070435412802,0.000350702810188341,-0.0136803598252787,0.000495392877412363,-0.864544224214588,0.00167570450184884
0.716849049713269,0.631776357112145,-0.0526151136432201,0.777087809121355,0.000351447015202261,-0.0136804741802352,0.000499057483336722,-0.864603760044622,0.00170851608663874
0.721820504265165,0.631728685814223,-0.0529837898648791,0.777105420400209,0.00035216241244411,-0.013680587658116,0.000502751311075701,-0.86466394620275,0.00174193938811618
0.726826436592224,0.631680258799215,-0.0533550528304853,0.777123272466072,0.000352848120293486,-0.0136807001917833,0.000506474613973178,-0.86472478750382,0.00177598485227304
0.731867085802933,0.631631063781692,-0.0537289197536578,0.777141368578643,0.000353503237095112,-0.013680811712116,0.000510227647406694,-0.86478628873876,0.00181066307389588
0.736942692664033,0.631581088282071,-0.0541054079197413,0.777159712041171,0.000354126840720656,-0.0136809221479685,0.000514010668788992,-0.864848454672654,0.00184598479778381
0.742053499612018,0.631530319624011,-0.0544845346847161,0.777178306201024,0.000354717988119924,-0.0136810314261283,0.000517823937568992,-0.864911290042783,0.00188196091994863
0.747199750764715,0.631478744931793,-0.0548663174740657,0.777197154450258,0.000355275714862213,-0.0136811394712742,0.000521667715232184,-0.864974799556615,0.00191860248879411
0.752381691932944,0.631426351127693,-0.0552507737815982,0.777216260226202,0.000355799034666801,-0.0136812462059326,0.000525542265300407,-0.865038987889762,0.00195592070627471
0.757599570632259,0.631373124929326,-0.0556379211682249,0.777235627012038,0.000356286938923187,-0.013681351550434,0.00052944785333103,-0.865103859683891,0.00199392692903272
0.762853636094773,0.631319052846987,-0.0560277772606911,0.777255258337396,0.000356738396199652,-0.0136814554228695,0.000533384746915485,-0.865169419544596,0.00203263266951181
0.768144139281058,0.63126412118097,-0.0564203597502616,0.777275157778954,0.000357152351741122,-0.0136815577390455,0.000537353215677154,-0.865235672039222,0.00207204959704627
0.773471332892138,0.631208316018873,-0.0568156863913586,0.777295328961042,0.000357527726955256,-0.013681658412439,0.00054135353126858,-0.865302621694661,0.00211218953892423
0.778835471381553,0.631151623232898,-0.0572137750001512,0.777315775556253,0.000357863418886731,-0.0136817573541517,0.000545385967367995,-0.86537027299509,0.00215306448142516
0.784236810967519,0.631094028477129,-0.0576146434530978,0.777336501286066,0.000358158299679376,-0.0136818544728644,0.000549450799675147,-0.865438630379676,0.00219468657082789
0.78967560964516,0.6310355171848,-0.0580183096854373,0.777357509921466,0.000358411216026366,-0.0136819496747896,0.000553548305906394,-0.865507698240245,0.00223706811439034
0.795152127198837,0.630976074565556,-0.0584247916896328,0.77737880528358,0.000358620988607103,-0.0136820428636252,0.000557678765789065,-0.865577480918894,0.00228022158129798
0.800666625214554,0.630915685602699,-0.0588341075137618,0.777400391244313,0.000358786411511672,-0.0136821339405063,0.000561842461055061,-0.865647982705577,0.00232415960358118
0.806219367092452,0.630854335050424,-0.0592462752598584,0.777422271726995,0.00035890625165208,-0.0136822228039577,0.000566039675433681,-0.86571920783564,0.0023688949769976
0.811810618059391,0.630792007431045,-0.0596613130822011,0.777444450707031,0.000358979248159294,-0.0136823093498447,0.000570270694643643,-0.865791160487321,0.00241444066188251
0.817440645181619,0.630728687032221,-0.0600792391855505,0.777466932212558,0.00035900411176773,-0.013682393471325,0.000574535806384311,-0.865863844779207,0.00246080978396057
0.823109717377527,0.630664357904158,-0.0605000718233311,0.777489720325114,0.000358979524184053,-0.0136824750587985,0.000578835300326068,-0.865937264767646,0.00250801563512204
0.828818105430497,0.630599003856816,-0.0609238292957623,0.777512819180303,0.000358904137442606,-0.0136825539998579,0.000583169468099861,-0.86601142444413,0.00255607167415994
0.834566082001833,0.63053260845711,-0.0613505299479341,0.777536232968478,0.000358776573245678,-0.0136826301792383,0.000587538603285869,-0.866086327732625,0.0026049915274664
0.840353921643785,0.630465155026094,-0.0617801921678271,0.77755996593542,0.00035859542228861,-0.0136827034787665,0.000591943001401277,-0.866161978486873,0.00265478898968852
0.846181900812664,0.630396626636152,-0.0622128343842783,0.777584022383032,0.000358359243569556,-0.0136827737773099,0.000596382959887163,-0.866238380487649,0.00270547802434074
0.852050297882047,0.630327006108182,-0.0626484750648915,0.777608406670031,0.000358066563683285,-0.0136828409507252,0.000600858778094457,-0.866315537439979,0.00275707276437293
0.857959393156072,0.63025627600877,-0.0630871327138895,0.777633123212655,0.000357715876098924,-0.0136829048718062,0.000605370757268955,-0.866393452970322,0.00280958751269339
0.863909468882829,0.630184418647369,-0.0635288258699111,0.777658176485368,0.000357305640421315,-0.0136829654102318,0.000609919200535382,-0.866472130623719,0.00286303674264343
0.86990080926784,0.630111416073473,-0.0639735731037492,0.777683571021576,0.000356834281635313,-0.0136830224325135,0.00061450441288047,-0.866551573860896,0.00291743509842474
0.875933700487633,0.630037250073797,-0.0644213930160332,0.777709311414347,0.000356300189333039,-0.0136830758019422,0.000619126701135063,-0.866631786055338,0.00297279739547546
0.882008430703416,0.629961902169439,-0.0648723042348499,0.777735402317139,0.000355701716923465,-0.0136831253785353,0.000623786373955183,-0.866712770490324,0.00302913862079535
0.888125290074835,0.629885353613069,-0.065326325413309,0.777761848444528,0.000355037180823886,-0.0136831710189827,0.000628483741802094,-0.866794530355933,0.00308647393321837
0.894284570773836,0.629807585386095,-0.0657834752270463,0.77778865457295,0.000354304859633559,-0.0136832125765936,0.000633219116921304,-0.866877068746007,0.00314481866363026
0.900486566998624,0.629728578195853,-0.0662437723716699,0.777815825541443,0.000353502993287916,-0.0136832499012416,0.000637992813320511,-0.866960388655093,0.00320418831512959
0.906731574987708,0.62964831247278,-0.0667072355601445,0.777843366252391,0.000352629782194344,-0.0136832828393111,0.000642805146746468,-0.867044492975338,0.00326459856313377
0.913019893034057,0.629566768367611,-0.0671738835201158,0.777871281672285,0.000351683386348126,-0.0136833112336422,0.000647656434660751,-0.867129384493371,0.00332606525542334
0.919351821499347,0.629483925748571,-0.0676437349911745,0.777899576832479,0.000350661924428369,-0.0136833349234757,0.00065254699621441,-0.86721506588714,0.0033886044121284
0.925727662828307,0.629399764198573,-0.0681168087220593,0.777928256829949,0.000349563472874015,-0.0136833537443989,0.000657477152221511,-0.867301539722729,0.00345223222565261
0.932147721563161,0.629314263012427,-0.0685931234677971,0.777957326828069,0.000348386064938894,-0.0136833675282891,0.00066244722513149,-0.86738880845114,0.00351696506053351
0.938612304358183,0.629227401194058,-0.0690726979867838,0.77798679205738,0.000347127689725682,-0.0136833761032595,0.00066745753900041,-0.86747687440506,0.00358281945323996
0.945121719994339,0.629139157453733,-0.0695555510378013,0.778016657816367,0.000345786291198441,-0.0136833792936027,0.000672508419460969,-0.867565739795588,0.00364981211190113
0.951676279394036,0.629049510205292,-0.0700417013769719,0.778046929472244,0.000344359767173286,-0.0136833769197355,0.000677600193691382,-0.867655406708952,0.00371795991597224
0.958276295635973,0.628958437563401,-0.0705311677546529,0.778077612461736,0.00034284596828621,-0.013683368798143,0.000682733190383012,-0.867745877103194,0.00378727991582739
0.964922083970099,0.628865917340811,-0.071023968912265,0.77810871229187,0.000341242696938929,-0.0136833547413227,0.000687907739706806,-0.867837152804838,0.00385778933228564
0.971613961832666,0.628771927045629,-0.0715201235790608,0.77814023454077,0.0003395477062208,-0.0136833345577288,0.000693124173278484,-0.867929235505537,0.00392950555606386
0.978352248861393,0.628676443878608,-0.0720196504688274,0.778172184858451,0.000337758698807436,-0.0136833080517158,0.000698382824122484,-0.868022126758703,0.00400244614715889
0.985137266910738,0.628579444730449,-0.0725225682765284,0.77820456896762,0.000335873325835054,-0.0136832750234831,0.000703684026634652,-0.868115827976121,0.00407662883415466
0.991969340067262,0.62848090617912,-0.0730288956748817,0.778237392664476,0.000333889185750669,-0.0136832352690189,0.000709028116543653,-0.868210340424544,0.00415207151345404
0.998848794665118,0.628380804487195,-0.0735386513108719,0.778270661819518,0.00033180382313687,-0.0136831885800438,0.000714415430871086,-0.868305665222281,0.00422879224843531
1.00577595930163,0.628279115599202,-0.0740518538022019,0.778304382378351,0.000329614727511404,-0.0136831347439556,0.000719846307890328,-0.86840180333577,0.0043068092685315
1.01275116485301,0.628175815139005,-0.0745685217336793,0.778338560362493,0.000327319332100909,-0.0136830735437734,0.000725321087084041,-0.86849875557614,0.0043861409682297
1.01977474449012,0.628070878407193,-0.0750886736535393,0.778373201870191,0.000324915012588425,-0.0136830047580815,0.000730840109100385,-0.86859652259577,0.00446680590599235
1.02684703369442,0.627964280378496,-0.0756123280697036,0.778408313077226,0.000322399085833938,-0.0136829281609746,0.000736403715707868,-0.868695104884839,0.00454882280309654
1.033968370274,0.627855995699222,-0.0761395034459758,0.778443900237732,0.00031976880856803,-0.0136828435220019,0.000742012249748904,-0.868794502767873,0.00463221054239293
1.04113909437969,0.627745998684719,-0.0766702181981736,0.778479969685008,0.000317021376057547,-0.0136827506061123,0.000747666055091977,-0.86889471640029,0.00471698816698052
1.0483595485213,0.627634263316857,-0.0772044906901947,0.77851652783233,0.000314153920743312,-0.0136826491735993,0.000753365476582474,-0.868995745764945,0.00480317487879933
1.05563007758401,0.627520763241537,-0.077742339230023,0.778553581173768,0.000311163510849519,-0.0136825389800465,0.000759110859992149,-0.869097590668683,0.0048907900371371
1.06295102884484,0.627405471766228,-0.078283782065666,0.778591136284996,0.000308047148963736,-0.0136824197762729,0.000764902551967205,-0.869200250738886,0.00497985315705185
1.07032275198921,0.627288361857527,-0.0788288373810344,0.778629199824108,0.000304801770587532,-0.0136822913082795,0.000770740899975029,-0.869303725420038,0.00507038390770825
1.07774559912768,0.627169406138748,-0.0793775232917512,0.778667778532429,0.000301424242657458,-0.0136821533171948,0.00077662625224949,-0.869408013970293,0.0051624021106268
1.08521992481272,0.627048576887542,-0.0799298578409037,0.778706879235319,0.000297911362035483,-0.0136820055392219,0.000782558957734899,-0.86951311545806,0.00525592773784544
1.0927460860557,0.626925846033541,-0.0804858589947275,0.778746508842988,0.000294259853968262,-0.0136818477055856,0.00078853936602855,-0.869619028758593,0.00535098090999458
1.1003244423439,0.626801185156039,-0.0810455446382298,0.778786674351298,0.000290466370515982,-0.0136816795424796,0.000794567827321864,-0.86972575255061,0.00544758189428146
1.10795535565772,0.626674565481698,-0.0816089325707475,0.778827382842559,0.000286527488948599,-0.0136815007710146,0.000800644692340139,-0.869833285312922,0.00554575110238786
1.11563919048792,0.626545957882292,-0.0821760405014434,0.778868641486335,0.00028243971011041,-0.0136813111071667,0.000806770312280894,-0.869941625321087,0.00564550908827738
1.12337631385307,0.626415332872476,-0.0827468860447394,0.778910457540233,0.000278199456751949,-0.0136811102617264,0.000812945038750809,-0.870050770644087,0.00574687654591249
1.13116709531708,0.626282660607599,-0.0833214867156854,0.778952838350694,0.000273803071828713,-0.0136808979402483,0.000819169223701258,-0.870160719141039,0.00584987430688361
1.13901190700682,0.626147910881541,-0.0838998599252674,0.778995791353775,0.0002692468167666,-0.0136806738430008,0.000825443219362437,-0.870271468457922,0.0059545233379466
1.14691112362992,0.626011053124592,-0.0844820229756515,0.779039324075928,0.000264526869693055,-0.0136804376649172,0.000831767378176087,-0.87038301602435,0.00606084473847079
1.15486512249268,0.625872056401366,-0.0850679930553663,0.779083444134774,0.000259639323634514,-0.0136801890955469,0.000838142052726822,-0.870495359050375,0.00616885973779796
1.16287428351806,0.62573088940875,-0.085657787234422,0.779128159239862,0.000254580184678069,-0.0136799278190076,0.000844567595672038,-0.870608494523322,0.00627858969250938
1.17093898926384,0.625587520473888,-0.0862514224593687,0.779173477193433,0.000249345370099158,-0.013679653513938,0.000851044359670443,-0.870722419204678,0.00639005608360577
1.1790596249409,0.625441917552215,-0.0868489155482908,0.779219405891167,0.000243930706452483,-0.0136793658534515,0.000857572697309179,-0.870837129627012,0.00650328051359578
1.18723657843162,0.625294048225513,-0.0874502831857424,0.77926595332292,0.000238331927627594,-0.0136790645050903,0.000864152961029571,-0.870952622090949,0.00661828470349662
1.19547024030838,0.62514387970002,-0.0880555419176175,0.779313127573461,0.000232544672867901,-0.0136787491307808,0.000870785503051472,-0.871068892662189,0.00673509048974535
1.20376100385228,0.624991378804573,-0.0886647081459606,0.779360936823186,0.000226564484752681,-0.0136784193867894,0.00087747067529625,-0.871185937168585,0.00685371982102367
1.21210926507183,0.624836511988794,-0.0892777981237162,0.779409389348837,0.000220386807141926,-0.0136780749236798,0.000884208829308391,-0.871303751197264,0.00697419475499406
1.22051542272196,0.624679245321317,-0.0898948279494155,0.779458493524192,0.000214006983083631,-0.0136777153862701,0.000891000316175758,-0.871422330091824,0.00709653745494965
1.22897987832301,0.624519544488058,-0.0905158135618026,0.779508257820758,0.000207420252682888,-0.0136773404135924,0.000897845486448469,-0.87154166894957,0.00722077018637923
1.23750303617991,0.624357374790526,-0.0911407707343997,0.779558690808441,0.000200621750933036,-0.0136769496388517,0.000904744690056472,-0.871661762618836,0.007346915313447
1.24608530340153,0.624192701144181,-0.0917697150700108,0.779609801156208,0.000193606505507343,-0.0136765426893875,0.000911698276225748,-0.87178260569636,0.00747499529538875
1.25472708992008,0.624025488076834,-0.092402661995164,0.779661597632732,0.000186369434512335,-0.013676119186635,0.00091870659339322,-0.87190419252473,0.00760503268282647
1.26342880851072,0.623855699727087,-0.0930396267544949,0.779714089107024,0.00017890534420105,-0.0136756787460882,0.000925769989120349,-0.87202651718991,0.00773705011400028
1.27219087481126,0.623683299842829,-0.0936806244050654,0.779767284549044,0.000171208926647071,-0.0136752209772639,0.000932888810005423,-0.872149573518836,0.00787107031092288
1.28101370734203,0.62350825177977,-0.0943256698106256,0.779821193030303,0.00016327475737786,-0.013674745483667,0.000940063401594582,-0.87227335507709,0.00800711607545407
1.28989772752585,0.62333051850002,-0.0949747776358114,0.779875823724443,0.00015509729296817,-0.0136742518627564,0.000947294108291563,-0.87239785516666,0.00814521028529908
1.29884335970818,0.62315006257072,-0.0956279623402839,0.779931185907795,0.000146670868592227,-0.013673739705913,0.000954581273266213,-0.872523066823782,0.00828537588993394
1.30785103117738,0.622966846162723,-0.0962852381728052,0.779987288959925,0.000137989695535232,-0.0136732085984083,0.000961925238361734,-0.872648982816867,0.00842763590645418
1.31692117218509,0.622780831049308,-0.0969466191652554,0.780044142364155,0.000129047858663259,-0.0136726581193744,0.000969326344000758,-0.872775595644521,0.00857201341535718
1.32605421596686,0.622591978604964,-0.0976121191265868,0.780101755708068,0.000119839313851788,-0.0136720878417753,0.000976784929090183,-0.872902897533659,0.00871853155625169
1.33525059876274,0.622400249804206,-0.0982817516367174,0.78016013868398,0.000110357885371948,-0.0136714973323798,0.000984301330924851,-0.873030880437711,0.008867213523503
1.34451075983821,0.622205605220446,-0.0989555300403634,0.780219301089405,0.000100597263234914,-0.0136708861517351,0.000991875885090061,-0.873159536034927,0.00901808256181286
1.3538351415051,0.622008005024918,-0.0996334674408085,0.780279252827483,9.0551000493988e-05,-0.0136702538541428,0.000999508925362932,-0.873288855726786,0.00917116196173684
1.36322418914273,0.62180740898565,-0.100315576693613,0.78034000390739,8.0212510503691e-05,-0.0136695999876352,0.00100720078361267,-0.873418830636504,0.00932647505514411
1.37267835121923,0.621603776466484,-0.10100187040026,0.780401564444719,6.95750641362403e-05,-0.0136689240939541,0.00101495178969972,-0.873549451607649,0.0094840452106178
1.38219807931287,0.621397066426154,-0.101692360901737,0.780463944661838,5.86317869550324e-05,-0.0136682257085299,0.00102276227137383,-0.873680709202869,0.00964389582880354
1.39178382813373,0.621187237417418,-0.102387060272061,0.780527154888218,4.73756563444949e-05,-0.0136675043604636,0.0010306325541711,-0.873812593702726,0.00980605033770471
1.40143605554534,0.620974247586228,-0.103085980311732,0.780591205560732,3.57994985970833e-05,-0.013666759572509,0.00103856296131,-0.873945095104641,0.00997053218793154
1.4111552225866,0.620758054670974,-0.103789132541129,0.780656107223926,2.38959859561738e-05,-0.0136659908610574,0.00104655381358631,-0.874078203121962,0.0101373648479029
1.42094179349378,0.620538616001766,-0.104496528193842,0.780721870530255,1.16576336154361e-05,-0.0136651977361231,0.00105460542926721,-0.874211907183142,0.0103065717990071
1.43079623572268,0.620315888499782,-0.105208178209931,0.780788506240297,-9.23203325647881e-07,-0.0136643797013317,0.00106271812398429,-0.87434619643104,0.010478176530723
1.440719019971,0.620089828676661,-0.105924093229137,0.780856025222923,-1.38543329505914e-05,-0.0136635362539082,0.00107089221062571,-0.874481059722345,0.0106522025357072
1.45071062020079,0.61986039263396,-0.106644283584007,0.780924438455441,-2.71437296584798e-05,-0.0136626668846687,0.00107912799922747,-0.874616485627119,0.010828673304847
1.46077151366109,0.619627536062667,-0.107368759292969,0.780993757023701,-4.0799537340791e-05,-0.0136617710780125,0.00108742579686371,-0.87475246242847,0.0110076123222871
1.47090218091073,0.619391214242764,-0.108097530053333,0.781063992122163,-5.48300726030682e-05,-0.0136608483119161,0.0010957859075363,-0.874888978122344,0.0111890430604286
1.48110310584131,0.619151382042861,-0.108830605234226,0.781135155053935,-6.92438280301688e-05,-0.0136598980579293,0.00110420863206348,-0.87502602041746,0.0113729889749101
1.49137477570027,0.618907993919875,-0.109567993869457,0.781207257230765,-8.4049475496506e-05,-0.0136589197811731,0.00111269426796783,-0.875163576735354,0.0115594734995688
1.50171768111418,0.618661003918784,-0.110309704650316,0.781280310172996,-9.92558695204759e-05,-0.0136579129403385,0.00112124310936338,-0.875301634210578,0.01174852004139
1.5121323161122,0.618410365672423,-0.111055745918304,0.781354325509481,-0.000114872050663684,-0.013656876987688,0.00112985544684206,-0.875440179691008,0.0119401519754447
1.52261917814963,0.618156032401363,-0.111806125657786,0.781429314977459,-0.000130907248974105,-0.0136558113690585,0.00113853156735939,-0.875579199738302,0.012134392639825
1.53317876813171,0.617897956913839,-0.112560851488582,0.781505290422384,-0.000147370887474463,-0.0136547155238662,0.00114727175411958,-0.875718680628487,0.012331265330575
1.54381159043753,0.617636091605739,-0.11331993065848,0.781582263797706,-0.000164272585694125,-0.013653588885113,0.00115607628645987,-0.875858608352678,0.0125307932966267
1.55451815294413,0.617370388460676,-0.114083370035675,0.781660247164621,-0.000181622163246437,-0.013652430879395,0.0011649454397344,-0.87599896861794,0.012732999734741
1.56529896705074,0.617100799050103,-0.114851176101137,0.781739252691759,-0.000199429643449461,-0.0136512409269129,0.00117387948519734,-0.876139746848277,0.0129379077844622
1.57615454770323,0.616827274533515,-0.115623354940904,0.781819292654834,-0.000217705256991441,-0.0136500184414842,0.00118287868988564,-0.876280928185765,0.0131455405230855
1.58708541341869,0.616549765658704,-0.116399912238298,0.781900379436238,-0.000236459445640463,-0.0136487628305572,0.00119194331650113,-0.876422497491823,0.0133559209606478
1.5980920863102,0.6162682227621,-0.117180853266059,0.781982525524594,-0.000255702865997798,-0.0136474734952271,0.00120107362329216,-0.876564439348612,0.0135690720349385
1.60917509211179,0.615982595769164,-0.11796618287841,0.782065743514246,-0.00027544639329552,-0.0136461498302538,0.00121026986393486,-0.876706738060583,0.013785016606544
1.62033496020352,0.615692834194877,-0.118755905503038,0.782150046104707,-0.000295701125237691,-0.0136447912240819,0.00121953228741383,-0.876849377656151,0.0140037774539216
1.63157222363676,0.61539888714428,-0.11955002513299,0.782235446100044,-0.000316478385885194,-0.0136433970588622,0.00122886113790261,-0.876992341889512,0.0142253772685135
1.64288741915971,0.615100703313108,-0.120348545318497,0.782321956408216,-0.000337789729583649,-0.0136419667104759,0.00123825665464362,-0.877135614242598,0.0144498386499019
1.65428108724297,0.614798230988494,-0.121151469158708,0.782409590040348,-0.000359646944935121,-0.0136404995485599,0.00124771907182789,-0.877279177927154,0.0146771841010118
1.6657537721054,0.614491418049756,-0.121958799293342,0.782498360109947,-0.00038206205881236,-0.0136389949365346,0.00125724861847438,-0.87742301588697,0.0149074360233649
1.67730602174008,0.614180211969261,-0.122770537894253,0.782588279832069,-0.00040504734041566,-0.0136374522316339,0.00126684551830917,-0.877567110800227,0.0151406167123893
1.68893838794052,0.61386455981338,-0.123586686656916,0.782679362522411,-0.00042861530537236,-0.0136358707849361,0.00127650998964423,-0.877711445081986,0.0153767483527893
1.70065142632699,0.613544408243521,-0.124407246791817,0.782771621596348,-0.000452778719878671,-0.0136342499413983,0.00128624224525616,-0.877856000886805,0.0156158530139811
1.71244569637308,0.613219703517257,-0.125232219015758,0.782865070567909,-0.000477550604883165,-0.0136325890398918,0.0012960424922646,-0.878000760111488,0.0158579526455971
1.72432176143241,0.612890391489544,-0.12606160354307,0.782959723048682,-0.00050294424031111,-0.0136308874132395,0.00130591093201059,-0.878145704397953,0.016103069073064
1.73628018876552,0.612556417614027,-0.126895400076742,0.783055592746655,-0.000528973169331676,-0.013629144388256,0.00131584775993475,-0.878290815136238,0.0163512239932603
1.74832154956701,0.612217726944447,-0.127733607799446,0.78315269346499,-0.000555651202664237,-0.0136273592857891,0.00132585316545541,-0.878436073467619,0.0166024389702558
1.7604464189928,0.61187426413614,-0.12857622536448,0.783251039100728,-0.000582992422925782,-0.0136255314207633,0.00133592733184666,-0.878581460287861,0.0168567354311367
1.77265537618758,0.61152597344765,-0.129423250886611,0.783350643643421,-0.000611011189018518,-0.0136236601022261,0.00134607043611635,-0.878726956250577,0.0171141346619251
1.78494900431252,0.611172798742429,-0.130274681932818,0.783451521173691,-0.000639722140556354,-0.0136217446333954,0.00135628264888413,-0.878872541770713,0.0173746578035918
1.79732789057308,0.610814683490656,-0.131130515512951,0.783553685861719,-0.000669140202331442,-0.0136197843117093,0.00136656413425943,-0.879018197028141,0.017638325848168
1.80979262624709,0.610451570771163,-0.131990748070277,0.783657151965657,-0.000699280588818324,-0.0136177784288783,0.00137691504971964,-0.879163901971364,0.0179051596349648
1.82234380671297,0.610083403273474,-0.132855375471941,0.783761933829963,-0.00073015880871663,-0.0136157262709388,0.00138733554598818,-0.879309636321336,0.0181751798468949
1.83498203147818,0.609710123299962,-0.133724392999316,0.783868045883653,-0.000761790669531442,-0.0136136271183094,0.00139782576691286,-0.879455379575377,0.018448407006911
1.84770790420785,0.609331672768123,-0.134597795338261,0.783975502638481,-0.000794192282190354,-0.0136114802458488,0.00140838584934423,-0.879601111011195,0.0187248614745563
1.86052203275364,0.608947993212981,-0.135475576569269,0.784084318687034,-0.000827380065696909,-0.0136092849229158,0.00141901592301415,-0.879746809691007,0.0190045634426362
1.87342502918271,0.608559025789613,-0.136357730157523,0.78419450870074,-0.00086137075181994,-0.0136070404134314,0.00142971611041458,-0.879892454465757,0.0192875329340115
1.88641750980704,0.608164711275812,-0.137244248942841,0.784306087427797,-0.000896181389817924,-0.0136047459759433,0.00144048652667653,-0.880038023979415,0.0195737897985191
1.89950009521279,0.607764990074879,-0.138135125129516,0.784419069691011,-0.000931829351197649,-0.0136024008636915,0.00145132727944921,-0.880183496673376,0.0198633537100217
1.91267341029,0.607359802218568,-0.139030350276062,0.78453347038555,-0.000968332334507188,-0.0136000043246772,0.00146223846877959,-0.880328850790933,0.0201562441635911
1.92593808426241,0.606949087370157,-0.139929915284843,0.784649304476602,-0.00100570837016031,-0.0135975556017328,0.00147322018699204,-0.880474064381834,0.0204524804728263
1.93929475071751,0.606532784827681,-0.140833810391606,0.78476658699695,-0.00104397582529506,-0.0135950539325943,0.00148427251856845,-0.880619115306912,0.0207520817673124
1.95274404763682,0.606110833527319,-0.141742025154901,0.784885333044446,-0.00108315340866225,-0.0135924985499761,0.0014953955400286,-0.880763981242787,0.0210550669902214
1.96628661742637,0.605683172046926,-0.142654548445403,0.785005557779391,-0.00112326017554482,-0.0135898886816471,0.0015065893198109,-0.880908639686628,0.0213614548960554
1.97992310694735,0.605249738609743,-0.143571368435123,0.785127276421827,-0.00116431553270741,-0.0135872235505095,0.00151785391815352,-0.881053067960987,0.0216712640485402
1.99365416754703,0.604810471088265,-0.144492472586512,0.785250504248715,-0.00120633924337318,-0.0135845023746795,0.00152918938697589,-0.88119724321868,0.0219845128186664
2.00748045508988,0.604365307008287,-0.145417847641467,0.785375256591027,-0.00124935143223048,-0.0135817243675699,0.00154059576976067,-0.881341142447724,0.0223012193828834
2.0214026299889,0.603914183553123,-0.14634747961022,0.785501548830728,-0.00129337259046411,-0.0135788887379753,0.00155207310143614,-0.88148474247632,0.0226214017214476
2.03542135723711,0.60345703756801,-0.147281353760136,0.785629396397656,-0.00133842358081399,-0.0135759946901584,0.00156362140825903,-0.881628019977881,0.0229450776169248
2.0495373064394,0.602993805564707,-0.148219454604394,0.785758814766298,-0.00138452564265693,-0.0135730414239394,0.00157524070769791,-0.881770951476092,0.0232722646528533
2.06375115184445,0.60252442372628,-0.149161765890569,0.785889819452454,-0.00143170039711329,-0.013570028134787,0.00158693100831698,-0.881913513350004,0.0236029802125637
2.07806357237695,0.602048827912086,-0.150108270589119,0.786022426009794,-0.00147996985217463,-0.0135669540139113,0.00159869230966051,-0.882055681839155,0.0239372414781597
2.09247525167004,0.601566953662972,-0.151058950881754,0.786156650026306,-0.00152935640785387,-0.0135638182483593,0.00161052460213777,-0.882197433048713,0.0242750654296628
2.10698687809795,0.601078736206679,-0.152013788149721,0.786292507120626,-0.00157988286135352,-0.0135606200211124,0.00162242786690849,-0.882338742954632,0.024616468844317
2.12159914480891,0.600584110463463,-0.152972762961977,0.786430012938255,-0.00163157241225367,-0.0135573585111854,0.00163440207576901,-0.882479587408822,0.0249614682960597
2.1363127497582,0.600083011051941,-0.153935855063274,0.786569183147656,-0.00168444866771661,-0.0135540328937282,0.00164644719103897,-0.882619942144323,0.0253100801551556
2.15112839574156,0.599575372295169,-0.154903043362142,0.786710033436239,-0.00173853564770729,-0.0135506423401297,0.00165856316544863,-0.882759782780475,0.0256623205879962
2.1660467904287,0.599061128226953,-0.155874305918781,0.786852579506216,-0.00179385779022723,-0.0135471860181236,0.00167074994202694,-0.882899084828089,0.0260182055570644
2.18106864639712,0.598540212598405,-0.156849619932861,0.786996837070337,-0.00185043995656234,-0.0135436630918959,0.00168300745399013,-0.883037823694605,0.0263777508210637
2.19619468116618,0.598012558884746,-0.157828961731231,0.7871428218475,-0.00190830743654025,-0.0135400727221956,0.00169533562463114,-0.883175974689227,0.0267409719352142
2.21142561723131,0.597478100292364,-0.158812306755545,0.787290549558236,-0.00196748595379792,-0.0135364140664464,0.00170773436720969,-0.883313513028043,0.0271078842517112
2.22676218209858,0.596936769766139,-0.159799629549799,0.787440035920057,-0.00202800167105702,-0.0135326862788615,0.0017202035848431,-0.883450413839117,0.027478502920351
2.24220510831939,0.59638849999703,-0.160790903747794,0.787591296642686,-0.00208988119540404,-0.01352888851056,0.0017327431703979,-0.883586652167545,0.0278528428893179
2.25775513352553,0.595833223429942,-0.161786102060512,0.787744347423141,-0.0021531515835754,-0.0135250199096857,0.0017453530063822,-0.88372220298047,0.0282309189061362
2.27341300046436,0.595270872271875,-0.162785196263431,0.787899203940684,-0.00221784034724409,-0.013521079621528,0.00175803296483886,-0.883857041172062,0.0286127455187823
2.28917945703428,0.59470137850036,-0.163788157183757,0.788055881851646,-0.00228397545830633,-0.0135170667886452,0.00177078290723953,-0.883991141568437,0.0289983370769588
2.30505525632052,0.594124673872195,-0.164794954687595,0.788214396784094,-0.00235158535416599,-0.0135129805509901,0.00178360268437949,-0.884124478932533,0.0293877077335269
2.32104115663104,0.593540689932478,-0.165805557667063,0.78837476433237,-0.00242069894301547,-0.0135088200460371,0.00179649213627344,-0.884257027968916,0.0297808714460973
2.33713792153279,0.592949358023957,-0.166819934027344,0.78853700005148,-0.00249134560910866,-0.0135045844089126,0.00180945109205212,-0.884388763328528,0.0301778419787756
2.35334631988814,0.592350609296692,-0.167838050673681,0.788701119451336,-0.0025635552180272,-0.0135002727725272,0.00182247936985991,-0.884519659613359,0.0305786329040632
2.36966712589169,0.591744374718044,-0.168859873498336,0.788867137990853,-0.00263735812193336,-0.01349588426771,0.0018355767767534,-0.884649691381048,0.0309832576049084
2.38610111910714,0.591130585082991,-0.169885367367498,0.789035071071897,-0.00271278516481085,-0.0134914180233453,0.00184874310860092,-0.884778833149399,0.0313917292769081
2.40264908450462,0.590509171024786,-0.17091449610816,0.789204934033076,-0.00278986768768902,-0.013486873166512,0.00186197814998311,-0.884907059400816,0.0318040609306551
2.41931181249812,0.58988006302596,-0.171947222494963,0.78937674214338,-0.00286863753384731,-0.013482248822625,0.0018752816740945,-0.885034344586646,0.0322202653942305
2.43609009898327,0.589243191429672,-0.172983508237016,0.789550510595662,-0.00294912705399961,-0.0134775441155792,0.00188865344264624,-0.885160663131423,0.0326403553158377
2.45298474537537,0.588598486451425,-0.174023313964704,0.789726254499967,-0.00303136911145313,-0.0134727581678953,0.00190209320576992,-0.885285989437015,0.0330643431665743
2.46999655864764,0.58794587819114,-0.175066599216479,0.789903988876691,-0.00311539708724012,-0.0134678901008689,0.00191560070192246,-0.885410297886673,0.0334922412433387
2.48712635136979,0.587285296645607,-0.176113322425653,0.790083728649585,-0.00320124488521939,-0.0134629390347215,0.00192917565779237,-0.885533562848958,0.0339240616718707
2.50437494174681,0.586616671721317,-0.177163440907192,0.790265488638589,-0.0032889469371446,-0.0134579040887541,0.00194281778820701,-0.885655758681564,0.0343598164099178
2.52174315365806,0.585939933247676,-0.178216910844526,0.790449283552508,-0.00337853820769499,-0.0134527843815029,0.00195652679604131,-0.885776859735025,0.0347995172505302
2.53923181669665,0.585255010990609,-0.179273687276375,0.790635127981506,-0.00347005419946739,-0.0134475790308983,0.00197030237212771,-0.885896840356291,0.0352431758254724
2.55684176620901,0.584561834666573,-0.180333724083608,0.790823036389444,-0.00356353095792342,-0.0134422871544257,0.00198414419516741,-0.886015674892188,0.0356908036087569
2.57457384333485,0.583860333956964,-0.181396973976142,0.791013023106033,-0.00365900507629141,-0.0134369078692891,0.00199805193164311,-0.886133337692744,0.0361424119202882
2.59242889504728,0.583150438522946,-0.182463388479877,0.791205102318825,-0.0037565137004161,-0.0134314402925775,0.00201202523573312,-0.886249803114384,0.036598011929618
2.61040777419332,0.582432078020688,-0.183532917923705,0.791399288065015,-0.00385609453355529,-0.0134258835414335,0.002026063749227,-0.886365045522985,0.0370576146598041
2.6285113395346,0.58170518211703,-0.184605511426568,0.791595594223079,-0.00395778584111811,-0.0134202367332248,0.0020401671014427,-0.886479039296799,0.0375212309913721
2.64674045578839,0.580969680505582,-0.185681116884604,0.791794034504219,-0.004061626455341,-0.0134144989857183,0.00205433490914537,-0.886591758829223,0.0379888716663716
2.6650959936689,0.580225502923251,-0.186759680958375,0.791994622443636,-0.00416765577989789,-0.0134086694172566,0.00206856677646773,-0.88670317853143,0.0384605472925264
2.68357882992886,0.579472579167211,-0.187841149060196,0.792197371391618,-0.00427591379444039,-0.0134027471469379,0.00208286229483222,-0.886813272834846,0.0389362683474706
2.70218984740145,0.578710839112327,-0.188925465341571,0.79240229450444,-0.00438644105906294,-0.0133967312947976,0.00209722104287486,-0.886922016193481,0.0394160451830679
2.72092993504239,0.577940212729015,-0.190012572680749,0.792609404735084,-0.00449927871868946,-0.0133906209819935,0.00211164258637101,-0.8870293830861,0.0398998880298098
2.73979998797246,0.577160630101574,-0.191102412670412,0.792818714823763,-0.00461446850737687,-0.0133844153309936,0.00212612647816297,-0.88713534801824,0.0403878070012864
2.75880090752022,0.576372021446967,-0.192194925605512,0.793030237288268,-0.00473205275252991,-0.0133781134657661,0.00214067225808956,-0.887239885524067,0.0408798120987249
2.77793360126509,0.575574317134073,-0.193290050471261,0.793243984414114,-0.00485207437902427,-0.0133717145119731,0.00215527945291772,-0.887342970168071,0.0413759132155928
2.79719898308069,0.574767447703409,-0.194387724931289,0.793459968244497,-0.00497457691323153,-0.0133652175971664,0.00216994757627627,-0.8874445765466,0.0418761201422589
2.81659797317847,0.573951343887321,-0.195487885315991,0.793678200570068,-0.00509960448694227,-0.0133586218509865,0.00218467612859178,-0.887544679289225,0.0423804425707086
2.83613149815172,0.573125936630653,-0.196590466611066,0.793898692918497,-0.00522720184118053,-0.0133519264053644,0.00219946459702672,-0.887643253059944,0.0428888900993054
2.85580049101974,0.572291157111898,-0.197695402446265,0.794121456543856,-0.00535741432990691,-0.0133451303947262,0.00221431245541999,-0.887740272558214,0.0434014722375987
2.87560589127251,0.571446936764835,-0.19880262508437,0.794346502415803,-0.00549028792360329,-0.0133382329562009,0.00222921916422983,-0.88783571251981,0.0439181984111687
2.89554864491548,0.570593207300639,-0.199912065410403,0.794573841208563,-0.00562586921273392,-0.0133312332298305,0.00224418417047923,-0.887929547717526,0.0444390779665025
2.91562970451479,0.569729900730495,-0.201023652921096,0.794803483289726,-0.00576420541107819,-0.0133241303587838,0.00225920690770397,-0.888021752961689,0.0449641201759007
2.93585002924278,0.568856949388688,-0.202137315714626,0.795035438708832,-0.00590534435892809,-0.0133169234895724,0.00227428679590334,-0.888112303100512,0.0454933342424073
2.95621058492378,0.567974285956197,-0.203252980480632,0.795269717185772,-0.00604933452614631,-0.0133096117722703,0.00228942324149361,-0.88820117302027,0.0460267293047537
2.97671234408028,0.567081843484769,-0.204370572490535,0.795506328098981,-0.00619622501507844,-0.0133021943607357,0.00230461563726441,-0.888288337645302,0.0465643144423183
2.99735628597932,0.566179555421496,-0.205490015588171,0.795745280473438,-0.0063460655633123,-0.0132946704128368,0.00231986336233808,-0.888373771937844,0.047106098680094
3.01814339667932,0.565267355633878,-0.206611232180759,0.795986582968468,-0.00649890654628016,-0.0132870390906792,0.00233516578213211,-0.888457450897678,0.0476520909936546
3.03907466907719,0.564345178435389,-0.207734143230208,0.796230243865342,-0.00665479897969634,-0.0132792995608376,0.00235052224832473,-0.888539349561621,0.0482023003141231
3.06015110295567,0.563412958611522,-0.208858668244801,0.796476271054685,-0.00681379452182457,-0.0132714509945894,0.00236593209882381,-0.88861944300283,0.0487567355331278
3.08137370503119,0.562470631446342,-0.209984725271252,0.796724672023681,-0.00697594547556896,-0.0132634925681522,0.0023813946577392,-0.888697706329938,0.0493154055077483
3.10274348900188,0.561518132749517,-0.21111223088716,0.796975453843084,-0.00714130479038089,-0.0132554234629231,0.00239690923535849,-0.888774114686015,0.049878319065443
3.12426147559604,0.560555398883839,-0.212241100193886,0.797228623154034,-0.00730992606397779,-0.013247242865722,0.00241247512812652,-0.888848643247362,0.0504454850089537
3.14592869262085,0.559582366793242,-0.213371246809861,0.797484186154679,-0.00748186354386382,-0.0132389499690371,0.00242809161862851,-0.888921267222127,0.0510169121211834
3.16774617501149,0.558598974031286,-0.214502582864341,0.797742148586594,-0.00765717212864875,-0.0132305439712736,0.00244375797557716,-0.888991961848753,0.0515926091700397
3.18971496488059,0.557605158790132,-0.215635018991637,0.798002515721022,-0.00783590736915701,-0.0132220240770054,0.00245947345380368,-0.88906070239426,0.0521725849132438
3.21183611156796,0.556600859929989,-0.21676846432583,0.798265292344909,-0.00801812546931918,-0.0132133894972289,0.00247523729425295,-0.889127464152351,0.0527568481030944
3.23411067169074,0.555586017009034,-0.217902826495992,0.798530482746762,-0.00820388328684174,-0.0132046394496207,0.00249104872398289,-0.889192222441362,0.0533454074911887
3.25653970919388,0.554560570313787,-0.21903801162193,0.798798090702311,-0.00839323833364358,-0.0131957731587972,0.00250690695616825,-0.889254952602033,0.0539382718330879
3.27912429540095,0.553524460889964,-0.220173924310477,0.799068119459989,-0.00858624877605763,-0.0131867898565773,0.00252281119010886,-0.889315629995128,0.0545354498929318
3.30186550906528,0.552477630573761,-0.22131046765234,0.799340571726226,-0.00878297343478607,-0.0131776887822477,0.00253876061124249,-0.889374229998883,0.0551369504479887
3.32476443642155,0.551420022023604,-0.222447543219531,0.799615449650568,-0.00898347178460401,-0.0131684691828309,0.00255475439116252,-0.889430728006296,0.0557427822931442
3.3478221712376,0.550351578752322,-0.223585051063396,0.799892754810609,-0.00918780395380436,-0.0131591303133556,0.00257079168764047,-0.889485099422264,0.0563529542453204
3.37103981486675,0.549272245159763,-0.224722889713267,0.800172488196755,-0.00939603072337586,-0.0131496714371299,0.00258687164465356,-0.889537319660553,0.0569674751478203
3.39441847630035,0.548181966565816,-0.225860956175739,0.800454650196815,-0.00960821352590724,-0.0131400918260167,0.00260299339241748,-0.889587364140623,0.0575863538745985
3.41795927222076,0.547080689243858,-0.22699914593462,0.80073924058042,-0.00982441444421167,-0.0131303907607118,0.00261915604742444,-0.889635208284291,0.0582095993344481
3.44166332705473,0.545968360454595,-0.228137352951546,0.801026258483279,-0.0100446962096606,-0.0131205675310237,0.00263535871248663,-0.889680827512254,0.058837220475104
3.46553177302703,0.544844928480295,-0.22927546966729,0.801315702391274,-0.0102691222002242,-0.0131106214361568,0.00265160047678536,-0.889724197240455,0.0594692262872569
3.48956575021462,0.543710342659395,-0.230413387003789,0.801607570124399,-0.0104977564382066,-0.013100551784995,0.00266788041592585,-0.889765292876312,0.0601056258084752
3.51376640660105,0.542564553421483,-0.231550994366901,0.801901858820543,-0.0107306635876722,-0.0130903578963895,0.00268419759199794,-0.889804089814791,0.0607464281270306
3.53813489813128,0.541407512322621,-0.232688179649916,0.802198564919131,-0.0109679089515535,-0.0130800390994464,0.00270055105364278,-0.889840563434358,0.0613916423856237
3.56267238876697,0.540239172081019,-0.23382482923783,0.802497684144614,-0.0112095584684334,-0.0130695947338179,0.00271693983612566,-0.889874689092773,0.0620412777850063
3.58738005054197,0.53905948661302,-0.234960828012415,0.802799211489828,-0.0114556787089957,-0.0130590241499942,0.0027333629614152,-0.889906442122763,0.062695343587499
3.61225906361841,0.537868411069406,-0.236096059358094,0.803103141199217,-0.0117063368721347,-0.0130483267095975,0.00274981943826892,-0.889935797827558,0.0633538491203958
3.63731061634298,0.536665901871992,-0.23723040516864,0.80340946675193,-0.0119616007807186,-0.0130375017856774,0.00276630826232538,-0.889962731476295,0.0640168037792591
3.66253590530377,0.535451916750492,-0.238363745854716,0.803718180844797,-0.0122215388769991,-0.0130265487630076,0.00278282841620307,-0.889987218299302,0.064684217031097
3.68793613538733,0.534226414779649,-0.239495960352285,0.804029275375194,-0.0124862202176574,-0.013015467038384,0.0027993788696061,-0.890009233483252,0.0653560984174213
3.71351251983634,0.532989356416605,-0.240626926131885,0.80434274142379,-0.0127557144684841,-0.0130042560209236,0.00281595857943696,-0.890028752166199,0.066032457557186
3.73926628030746,0.531740703538488,-0.241756519208818,0.804658569237207,-0.0130300918986819,-0.0129929151323651,0.00283256648991629,-0.890045749432498,0.0667133041495982
3.76519864692972,0.530480419480206,-0.242884614154235,0.804976748210571,-0.0133094233747872,-0.0129814438073691,0.00284920153270996,-0.89006020030761,0.067398647976805
3.7913108583633,0.529208469072411,-0.244011084107159,0.805297266869993,-0.0135937803542009,-0.0129698414938204,0.00286586262706359,-0.890072079752791,0.0680884989064483
3.81760416185865,0.527924818679639,-0.245135800787456,0.80562011285495,-0.0138832348783249,-0.0129581076531292,0.00288254867994444,-0.890081362659681,0.0687828668940889
3.84407981331609,0.526629436238571,-0.246258634509762,0.805945272900619,-0.0141778595652949,-0.0129462417605342,0.00289925858619107,-0.890088023844782,0.0694817619854952
3.87073907734582,0.525322291296418,-0.247379454198392,0.806272732820123,-0.0144777276023052,-0.0129342433054045,0.00291599122867069,-0.890092038043834,0.0701851943187962
3.89758322732826,0.524003355049387,-0.248498127403238,0.806602477486746,-0.014782912737517,-0.0129221117915421,0.00293274547844438,-0.890093379906095,0.0708931741264943
3.92461354547494,0.522672600381231,-0.249614520316676,0.806934490816084,-0.0150934892715466,-0.012909846737484,0.00294952019494031,-0.890092023988525,0.0716057117373381
3.95183132288971,0.521330001901816,-0.250728497791493,0.80726875574817,-0.0154095320485257,-0.012897447676804,0.00296631422613508,-0.890087944749876,0.072322817578052
3.97923785963041,0.519975535985724,-0.251839923359844,0.807605254229568,-0.0157311164467284,-0.0128849141584134,0.0029831264087432,-0.890081116544695,0.07304450217492
4.00683446477099,0.518609180810831,-0.252948659253266,0.807943967195453,-0.0160583183687593,-0.012872245746861,0.002999955568415,-0.89007151361724,0.0737707761552253
4.03462245646401,0.517230916396853,-0.254054566423738,0.808284874551674,-0.0163912142312982,-0.0128594420226323,0.00301680051994275,-0.890059110095311,0.0745016502485374
4.06260316200361,0.515840724643824,-0.25515750456582,0.808627955156834,-0.0167298809543941,-0.0128465025824472,0.00303366006747549,-0.89004387998401,0.0752371352878541
4.09077791788892,0.514438589370475,-0.25625733213987,0.808973186804368,-0.0170743959503062,-0.0128334270395554,0.00305053300474223,-0.890025797159411,0.0759772422105871
4.11914806988789,0.513024496352492,-0.257353906396356,0.809320546204656,-0.0174248371118845,-0.0128202150240313,0.00306741811528399,-0.890004835362171,0.0767219820593991
4.14771497310157,0.511598433360615,-0.25844708340126,0.809670008967167,-0.0177812828004879,-0.0128068661830657,0.00308431417269444,-0.889980968191067,0.0774713659828821
4.17647999202884,0.510160390198554,-0.259536718062601,0.810021549582644,-0.0181438118334337,-0.0127933801812556,0.00310121994086938,-0.889954169096455,0.0782254052360836
4.20544450063156,0.508710358740688,-0.260622664158067,0.810375141405357,-0.0185125034709755,-0.0127797567008917,0.00311813417426511,-0.889924411373689,0.0789841111808733
4.23460988240025,0.507248332969507,-0.261704774363777,0.810730756635412,-0.018887437402806,-0.0127659954422424,0.00313505561816563,-0.889891668156455,0.0797474952861534
4.26397753042013,0.505774309012786,-0.262782900284165,0.811088366301155,-0.01926869373408,-0.0127520961238356,0.0031519830089589,-0.889855912410065,0.0805155691279079
4.29354884743766,0.504288285180425,-0.263856892483008,0.811447940241658,-0.0196563529709565,-0.0127380584827357,0.00316891507442197,-0.889817116924692,0.0812883443890935
4.32332524592758,0.50279026200096,-0.264926600515582,0.811809447089319,-0.0200504960056556,-0.0127238822748185,0.00318585053401525,-0.889775254308553,0.0820658328593673
4.35330814816033,0.501280242257672,-0.265991872961972,0.812172854252571,-0.0204512041010287,-0.0127095672750412,0.00320278809918571,-0.889730296981042,0.0828480464346541
4.38349898627002,0.499758231024291,-0.267052557461511,0.812538127898737,-0.0208585588746383,-0.012695113277708,0.00321972647367919,-0.889682217165828,0.0836349971165495
4.41389920232282,0.498224235700239,-0.268108500748378,0.812905232937011,-0.0212726422823487,-0.0126805200967319,0.0032366643538618,-0.889630986883902,0.0844266970115599
4.44451024838583,0.496678266045388,-0.269159548688332,0.813274133001613,-0.0216935366014229,-0.0126657875658909,0.00325360042905026,-0.889576577946589,0.0852231583301771
4.47533358659646,0.495120334214287,-0.270205546316595,0.813644790435107,-0.0221213244131275,-0.0126509155390796,0.00327053338185138,-0.889518961948524,0.0860243933857892
4.50637068923228,0.493550454789836,-0.27124633787687,0.814017166271901,-0.0225560885848424,-0.0126359038905548,0.00328746188851045,-0.8894581102606,0.0868304145934238
4.53762303878129,0.491968644816347,-0.272281766861503,0.814391220221956,-0.022997912251678,-0.0126207525151758,0.00330438461926871,-0.889393994022878,0.0876412344683266
4.56909212801278,0.490374923831988,-0.273311676052778,0.814766910654693,-0.0234468787975969,-0.0126054613286381,0.00332130023872959,-0.889326584137478,0.0884568656243717
4.60077946004862,0.488769313900533,-0.274335907565332,0.815144194583141,-0.0239030718360442,-0.0125900302677011,0.00333820740623395,-0.889255851261445,0.089277320772305
4.63268654843505,0.487151839642415,-0.275354302889703,0.815523027648315,-0.0243665751900838,-0.0125744592904092,0.00335510477624404,-0.889181765799589,0.0901026127178201
4.66481491721498,0.485522528265025,-0.276366702936979,0.81590336410385,-0.0248374728720457,-0.0125587483763048,0.00337199099873619,-0.889104297897313,0.0909327543594652
4.69716610100076,0.483881409592223,-0.277372948084552,0.816285156800912,-0.0253158490626833,-0.0125428975266354,0.00338886471960208,-0.889023417433426,0.0917677586863817
4.72974164504755,0.482228516093023,-0.278372878222971,0.816668357173381,-0.0258017880898448,-0.0125269067645517,0.00340572458105861,-0.888939094012938,0.0926076387758739
4.76254310532705,0.480563882909418,-0.279366332803864,0.817052915223343,-0.0262953744066619,-0.0125107761352983,0.00342256922206612,-0.888851296959853,0.0934524077908088
4.79557204860185,0.478887547883299,-0.280353150888932,0.817438779506883,-0.026796692569256,-0.0124945057063961,0.00343939727875484,-0.888759995309948,0.0943020789768474
4.82883005250031,0.477199551582437,-0.281333171199992,0.817825897120219,-0.0273058272139711,-0.0124780955678155,0.00345620738485954,-0.888665157803552,0.0951566656595044
4.86231870559183,0.475499937325481,-0.282306232170052,0.818214213686163,-0.0278228630341313,-0.012461545832141,0.00347299817216216,-0.888566752878326,0.0960161812410402
4.89603960746281,0.473788751205948,-0.28327217199541,0.818603673340948,-0.0283478847563335,-0.0124448566347264,0.00348976827094219,-0.888464748662036,0.0968806391971795
4.92999436879299,0.472066042115152,-0.284230828688743,0.818994218721423,-0.0288809771162762,-0.01242802813384,0.00350651631043476,-0.88835911296534,0.0977500530736624
4.96418461143244,0.470331861764041,-0.285182040133177,0.819385790952632,-0.0294222248341321,-0.0124110605108001,0.00352324091929614,-0.888249813274572,0.0986244364826234
4.99861196847899,0.468586264703912,-0.286125644137309,0.819778329635795,-0.0299717125894707,-0.0123939539701002,0.00353994072607646,-0.888136816744543,0.0995038030987987
5.03327808435624,0.466829308345952,-0.287061478491168,0.8201717728367,-0.030529524995738,-0.0123767087395236,0.00355661435969954,-0.888020090191349,0.100388166655564
5.06818461489212,0.465061052979577,-0.287989381023073,0.820566057074527,-0.031095746574297,-0.0123593250702463,0.0035732604499494,-0.887899600085193,0.101277540940802
5.10333322739797,0.463281561789537,-0.288909189657381,0.820961117311108,-0.0316704617280437,-0.0123418032369298,0.00358987762796346,-0.887775312543227,0.102171939792594
5.13872560074817,0.461490900871738,-0.289820742473083,0.821356886940654,-0.0322537547145983,-0.0123241435378017,0.00360646452673189,-0.88764719332241,0.103071377094746
5.17436342546036,0.459689139247766,-0.290723877763227,0.821753297779942,-0.0328457096190878,-0.0123063462947241,0.00362301978160314,-0.887515207812387,0.103975866772141
5.21024840377617,0.457876348878051,-0.291618434095128,0.822150280058989,-0.0334464103265245,-0.0122884118532506,0.00363954203079511,-0.887379321028396,0.104885422785918
5.24638224974252,0.456052604673668,-0.292504250371357,0.822547762412228,-0.0340559404937917,-0.0122703405826705,0.00365602991591181,-0.887239497604199,0.10580005912848
5.2827666892935,0.454217984506714,-0.293381165891432,0.822945671870189,-0.0346743835212477,-0.0122521328760396,0.00367248208246521,-0.88709570178504,0.106719789818335
5.31940346033281,0.452372569219251,-0.294249020414232,0.823343933851707,-0.0353018225239556,-0.0122337891501994,0.00368889718040182,-0.886947897420639,0.107644628894755
5.35629431281677,0.450516442630768,-0.295107654221044,0.823742472156664,-0.0359383403025542,-0.0122153098457816,0.00370527386463388,-0.886796047958214,0.108574590412276
5.39344100883792,0.448649691544139,-0.295956908179248,0.824141208959285,-0.0365840193137804,-0.0121966954271999,0.00372161079557462,-0.886640116435545,0.109509688435012
5.43084532270915,0.446772405750044,-0.296796623806576,0.824540064801988,-0.0372389416406506,-0.0121779463826278,0.00373790663967731,-0.886480065474072,0.110449937030809
5.4685090410485,0.444884678029832,-0.297626643335912,0.824938958589816,-0.0379031889623222,-0.0121590632239622,0.0037541600699778,-0.886315857272033,0.111395350265222
5.50643396286443,0.442986604156783,-0.298446809780597,0.825337807585442,-0.0385768425236408,-0.0121400464867729,0.00377036976664004,-0.886147453597653,0.112345942195314
5.54462189964184,0.441078282895762,-0.299256967000188,0.825736527404787,-0.0392599831043903,-0.0121208967302373,0.00378653441750425,-0.885974815782369,0.113301726863292
5.58307467542852,0.439159816001222,-0.300056959766633,0.826135032013224,-0.039952690988258,-0.0121016145370614,0.00380265271863734,-0.885797904714107,0.114262718289965
5.6217941269223,0.437231308213545,-0.300846633830816,0.82653323372242,-0.0406550459315323,-0.0120822005133841,0.00381872337488522,-0.885616680830611,0.11522893046803
5.66078210355879,0.435292867253695,-0.301625835989424,0.826931043187788,-0.041367127131542,-0.0120626552886682,0.00383474510042638,-0.885431104112821,0.116200377355185
5.70004046759971,0.433344603816155,-0.302394414152088,0.827328369406588,-0.0420890131948584,-0.0120429795155754,0.00385071661932654,-0.885241134078309,0.117177072867068
5.73957109422183,0.431386631560137,-0.303152217408754,0.827725119716668,-0.0428207821052723,-0.0120231738698252,0.00386663666609382,-0.885046729774771,0.118159030870028
5.77937587160657,0.429419067099046,-0.303899096097232,0.82812119979586,-0.0435625111915626,-0.0120032390500398,0.00388250398623386,-0.884847849773576,0.119146265173714
5.81945670103016,0.427442029988169,-0.304634901870872,0.828516513662042,-0.044314277095072,-0.0119831757775716,0.00389831733680467,-0.884644452163386,0.120138789523497
5.85981549695445,0.425455642710599,-0.305359487766317,0.828910963673869,-0.0450761557371083,-0.0119629847963163,0.00391407548697051,-0.884436494543826,0.121136617592715
5.90045418711838,0.423460030661348,-0.306072708271277,0.829304450532179,-0.0458482222861867,-0.0119426668725091,0.00392977721855448,-0.884223934019236,0.122139762974749
5.94137471263004,0.421455322129664,-0.306774419392283,0.82969687328209,-0.0466305511251303,-0.0119222227945052,0.00394542132658915,-0.884006727192483,0.123148239174913
5.9825790280594,0.419441648279531,-0.307464478722348,0.830088129315778,-0.0474232158180469,-0.0119016533725447,0.00396100661986498,-0.883784830158847,0.124162059602187
6.02406910153166,0.417419143128338,-0.308142745508498,0.830478114375962,-0.0482262890772004,-0.0118809594385002,0.00397653192147578,-0.883558198499983,0.125181237560755
6.06584691482126,0.415387943523726,-0.30880908071911,0.830866722560083,-0.0490398427297925,-0.0118601418456096,0.00399199606936085,-0.883326787277957,0.126205786241391
6.10791446344653,0.413348189118587,-0.309463347111,0.831253846325189,-0.0498639476846757,-0.0118392014681916,0.00400739791684323,-0.883090551029362,0.127235718712646
6.15027375676503,0.411300022344233,-0.310105409296211,0.83163937649353,-0.0506986738990148,-0.0118181392013459,0.00402273633316357,-0.882849443759519,0.128271047911878
6.19292681806951,0.409243588381723,-0.310735133808435,0.832023202258867,-0.0515440903449141,-0.011796955960636,0.00403801020400906,-0.882603418936756,0.129311786636097
6.23587568468454,0.407179035131344,-0.311352389169023,0.832405211193494,-0.0524002649760325,-0.0117756526817573,0.0040532184320369,-0.882352429486782,0.130357947532639
6.27912240806387,0.405106513180262,-0.311957045952518,0.832785289255977,-0.0532672646942013,-0.0117542303201879,0.00406835993739181,-0.882096427787145,0.131409543089655
6.32266905388835,0.403026175768342,-0.312548976851652,0.833163320799609,-0.054145155316067,-0.0117326898508242,0.00408343365821699,-0.881835365661779,0.132466585626434
6.36651770216467,0.400938178752134,-0.313128056741761,0.83353918858159,-0.0550340015397757,-0.0117110322675997,0.00409843855115808,-0.881569194375657,0.133529087283545
6.41067044732463,0.398842680567049,-0.31369416274454,0.833912773772919,-0.0559338669117203,-0.0116892585830888,0.00411337359185947,-0.881297864629535,0.134597060012796
6.45512939832527,0.396739842187733,-0.314247174291103,0.834283955969004,-0.0568448137933673,-0.0116673698280943,0.00412823777545255,-0.881021326554792,0.135670515567027
6.49989667874954,0.394629827086637,-0.314786973184277,0.834652613200996,-0.0577669033281853,-0.0116453670512198,0.00414303011703522,-0.880739529708382,0.136749465489711
6.54497442690774,0.392512801190822,-0.315313443660064,0.83501862194783,-0.05870019540869,-0.011623251318426,0.00415774965214227,-0.88045242306789,0.13783392110439
6.5903647959397,0.390388932836993,-0.31582647244824,0.835381857148978,-0.0596447486436296,-0.0116010237125723,0.00417239543720605,-0.880159955026692,0.138923893503925
6.63606995391757,0.3882583927248,-0.316325948832008,0.835742192217919,-0.0606006203253256,-0.0115786853329435,0.00418696655000681,-0.879862073389234,0.140019393539566
6.68209208394941,0.386121353868409,-0.316811764706657,0.836099499056305,-0.0615678663971905,-0.011556237294761,0.00420146209011229,-0.879558725366424,0.14112043180985
6.72843338428345,0.383977991546385,-0.317283814637183,0.836453648068826,-0.0625465414214382,-0.0115336807286804,0.00421588117930605,-0.879249857571139,0.142227018649309
6.77509606841313,0.381828483249898,-0.31774199591479,0.836804508178784,-0.0635366985470093,-0.0115110167802739,0.00423022296200394,-0.878935416013861,0.143339164117007
6.82208236518274,0.379673008629285,-0.318186208612247,0.837151946844334,-0.0645383894777262,-0.0114882466094989,0.00424448660565822,-0.878615346098428,0.144456877984895
6.86939451889399,0.377511749438999,-0.318616355638014,0.837495830075429,-0.0655516644406975,-0.0114653713901537,0.00425867130114892,-0.878289592617921,0.145580169725979
6.91703478941313,0.375344889480969,-0.319032342789119,0.837836022451424,-0.0665765721549901,-0.0114423923093185,0.0042727762631618,-0.87795809975068,0.146709048502315
6.96500545227891,0.373172614546417,-0.319434078802702,0.838172387139358,-0.0676131598005856,-0.0114193105667842,0.00428680073055252,-0.877620811056454,0.14784352315282
7.0133087988113,0.370995112356151,-0.319821475406188,0.838504785912888,-0.0686614729876379,-0.0113961273744684,0.00430074396669653,-0.87727766947269,0.148983602180901
7.06194713622089,0.368812572499387,-0.320194447366045,0.838833079171876,-0.0697215557260512,-0.0113728439558186,0.00431460525982418,-0.876928617310962,0.150129293741899
7.11092278771915,0.366625186371128,-0.320552912535063,0.839157125962617,-0.0707934503953907,-0.0113494615452042,0.00432838392334065,-0.876573596253551,0.151280605630359
7.16023809262934,0.364433147108149,-0.320896791898116,0.839476783998698,-0.0718771977151473,-0.0113259813872963,0.00434207929613011,-0.876212547350167,0.152437545267112
7.20989540649828,0.36223664952362,-0.321226009616357,0.839791909682472,-0.0729728367153674,-0.0113024047364369,0.00435569074284389,-0.875845411014827,0.153600119686173
7.25989710120885,0.360035890040424,-0.321540493069797,0.840102358127144,-0.074080404707666,-0.011278732855997,0.00436921765417208,-0.875472127022894,0.154768335521463
7.31024556509332,0.35783106662321,-0.321840172898235,0.840407983179454,-0.0751999372566383,-0.0112549670177249,0.00438265944709817,-0.87509263450827,0.155942198993343
7.36094320304735,0.355622378709227,-0.322124983040476,0.840708637442942,-0.0763314681516796,-0.0112311085010846,0.00439601556513641,-0.874706871960757,0.157121715894965
7.41199243664497,0.353410027137992,-0.322394860771821,0.841004172301787,-0.0774750293792349,-0.0112071585925848,0.00440928547855144,-0.874314777223589,0.158306891578443
7.46339570425412,0.351194214079846,-0.322649746739765,0.841294437945203,-0.0786306510954842,-0.0111831185851001,0.00442246868455983,-0.873916287491131,0.159497730940842
7.51515546115323,0.348975142963437,-0.322889584997892,0.841579283392378,-0.0797983615994806,-0.0111589897771822,0.00443556470751323,-0.873511339306764,0.160694238409975
7.56727417964842,0.346753018402206,-0.323114323037895,0.841858556517947,-0.0809781873067522,-0.0111347734723658,0.00444857309906277,-0.873099868560942,0.161896417930032
7.61975434919166,0.34452804611991,-0.32332391181973,0.842132104077979,-0.0821701527233802,-0.0111104709784651,0.00446149343830436,-0.872681810489445,0.163104272947011
7.67259847649959,0.342300432875254,-0.323518305799834,0.84239977173647,-0.0833742804205624,-0.0110860836068658,0.00447432533190466,-0.872257099671815,0.164317806393977
7.72580908567334,0.340070386385677,-0.3236974629574,0.842661404092314,-0.0845905910096744,-0.0110616126718095,0.0044870684142074,-0.87182567002999,0.165537020676132
7.77938871831903,0.337838115250366,-0.323861344818668,0.842916844706754,-0.0858191031178376,-0.0110370594896737,0.00449972234731984,-0.87138745482714,0.166761917655708
7.83333993366922,0.335603828872543,-0.324009916479214,0.843165936131284,-0.0870598333640031,-0.0110124253782467,0.00451228682117897,-0.870942386666708,0.167992498636672
7.8876653087051,0.333367737381098,-0.324143146624209,0.843408519935988,-0.0883127963355604,-0.0109877116559986,0.00452476155359755,-0.870490397491656,0.169228764349254
7.94236743827963,0.331130051551624,-0.324261007546627,0.84364443673831,-0.0895780045654783,-0.0109629196413483,0.0045371462902894,-0.870031418583929,0.170470714934296
7.99744893524145,0.328890982726912,-0.324363475163377,0.843873526232224,-0.0908554685099844,-0.010938050651928,0.00454944080487407,-0.869565380564145,0.171718349927409
8.0529124305597,0.326650742736991,-0.32445052902935,0.844095627217798,-0.0921451965267929,-0.0109131060038451,0.00456164489886058,-0.869092213391499,0.172971668242965
8.10876057344967,0.324409543818741,-0.324522152349361,0.844310577631132,-0.0934471948538816,-0.0108880870109428,0.00457375840161017,-0.868611846363903,0.174230668157899
8.16499603149936,0.322167598535184,-0.324578331987973,0.844518214574651,-0.0947614675888281,-0.0108629949840595,0.00458578117027781,-0.868124208118366,0.175495347295336
8.22162149079689,0.319925119694488,-0.324619058477186,0.844718374347741,-0.0960880166687053,-0.0108378312302875,0.00459771308973258,-0.86762922663161,0.176765702608042
8.27863965605879,0.317682320268762,-0.324644326022,0.844910892477709,-0.0974268418505442,-0.010812597052233,0.00460955407245669,-0.867126829220934,0.178041730361694
8.33605325075921,0.315439413312712,-0.324654132503822,0.845095603751049,-0.0987779406923623,-0.0107872937472759,0.00462130405842315,-0.866616942545331,0.179323426117977
8.39386501726,0.313196611882213,-0.324648479481735,0.845272342244999,-0.100141308534765,-0.0107619226068323,0.00463296301495206,-0.866099492606869,0.180610784717509
8.45207771694168,0.310954128952873,-0.324627372191609,0.845440941359368,-0.101516938483117,-0.0107364849156181,0.00464453093654549,-0.865574404752325,0.181903800262586
8.51069413033537,0.308712177338651,-0.324590819543069,0.845601233848632,-0.102904821390286,-0.0107109819509171,0.00465600784470105,-0.865041603675101,0.183202466099761
8.56971705725559,0.306470969610591,-0.324538834114316,0.845753051854254,-0.104304945839965,-0.0106854149818511,0.00466739378770407,-0.864501013417414,0.18450677480225
8.62914931693396,0.304230718015754,-0.324471432144806,0.845896226937241,-0.105717298130556,-0.0106597852686557,0.00467868884039856,-0.863952557372763,0.185816718152171
8.68899374815392,0.301991634396391,-0.324388633525792,0.846030590110907,-0.107141862259642,-0.01063409406196,0.00468989310393697,-0.863396158288691,0.187132287122611
8.74925320938629,0.29975393010944,-0.324290461788756,0.846155971873827,-0.10857861990901,-0.0106083426020726,0.00470100670550889,-0.862831738269844,0.188453471859539
8.80993057892579,0.297517815946408,-0.324176944091714,0.846272202242966,-0.110027550430259,-0.0105825321182739,0.00471202979804883,-0.862259218781328,0.189780261663543
8.87102875502857,0.295283502053697,-0.324048111203436,0.846379110786978,-0.111488630830959,-0.0105566638281143,0.00472296255992318,-0.861678520652374,0.191112644971414
8.93255065605059,0.29305119785344,-0.323903997485582,0.846476526659644,-0.112961835761376,-0.0105307389367217,0.00473380519459665,-0.861089564080325,0.192450609337568
8.99449922058705,0.290821111964922,-0.323744640872778,0.846564278633446,-0.114447137501759,-0.0105047586361158,0.00474455793027814,-0.860492268634941,0.193794141415318
9.05687740761275,0.288593452126626,-0.323570082850653,0.846642195133262,-0.115944505950166,-0.0104787241045318,0.00475522101954663,-0.859886553263032,0.195143226937984
9.11968819662343,0.286368425118986,-0.323380368431863,0.846710104270159,-0.117453908610849,-0.0104526365057538,0.00476579473895693,-0.859272336293431,0.19649785069986
9.18293458777804,0.284146236687895,-0.323175546130113,0.846767833875284,-0.118975310583171,-0.0104264969884578,0.0047762793886259,-0.858649535442306,0.197857996537029
9.2466196020421,0.281927091469035,-0.32295566793223,0.846815211533831,-0.12050867455106,-0.0104003066855661,0.00478667529179911,-0.858018067818829,0.199223647308036
9.31074628133199,0.279711192913083,-0.322720789268298,0.846852064619074,-0.122053960772992,-0.0103740667136126,0.00479698279439858,-0.857377849931194,0.200594784874421
9.3753176886602,0.277498743211851,-0.322470968979878,0.846878220326454,-0.123611127072485,-0.0103477781721196,0.00480720226455154,-0.856728797693012,0.201971390081113
9.44033690828169,0.275289943225422,-0.322206269286381,0.846893505707708,-0.125180128829117,-0.0103214421429885,0.00481733409210092,-0.856070826430062,0.20335344273669
9.50580704584117,0.273084992410318,-0.321926755749587,0.846897747705035,-0.126760918970037,-0.0102950596899021,0.0048273786880977,-0.85540385088744,0.204740921593514
9.57173122852146,0.270884088748784,-0.321632497236381,0.846890773185279,-0.128353447961976,-0.0102686318577415,0.00483733648427549,-0.854727785237084,0.206133804327735
9.63811260519287,0.268687428679209,-0.321323565879721,0.846872408974126,-0.129957663803738,-0.0102421596720165,0.00484720793250797,-0.854042543085693,0.20753206751918
9.70495434656358,0.266495207027752,-0.321000037037895,0.846842481890307,-0.131573512019178,-0.0102156441383115,0.00485699350424928,-0.853348037483062,0.20893568663112
9.7722596453311,0.264307616941221,-0.320661989252097,0.846800818779793,-0.13320093565063,-0.0101890862417462,0.00486669368995805,-0.852644180930808,0.210344635989933
9.84003171633479,0.262124849821237,-0.320309504202377,0.846747246549977,-0.134839875252809,-0.0101624869464519,0.00487630899850544,-0.851930885391537,0.211758888764657
9.90827379670937,0.259947095259756,-0.319942666661997,0.846681592203843,-0.136490268887145,-0.0101358471950642,0.00488583995656753,-0.851208062298412,0.213178416946438
9.97698914603959,0.25777454097596,-0.319561564450251,0.846603682874099,-0.138152052116563,-0.0101091679082327,0.00489528710800279,-0.850475622565181,0.214603191327897
10.0461810465159,0.255607372754583,-0.319166288383786,0.846513345857289,-0.139825158000681,-0.0100824499841477,0.00490465101321483,-0.849733476596623,0.216033181482389
10.1158528030912,0.253445774385705,-0.318756932226485,0.846410408647862,-0.141509517091428,-0.0100556942980839,0.00491393224850124,-0.848981534299466,0.217468355743199
10.1860077436388,0.251289927606044,-0.318333592637956,0.846294698972201,-0.14320505742906,-0.0100289017019632,0.00492313140538875,-0.848219705093743,0.218908681182645
10.2566492191112,0.249140012041799,-0.317896369120668,0.846166044822608,-0.144911704538576,-0.0100020730239352,0.00493224908995549,-0.84744789792463,0.220354123591124
10.3277806037004,0.246996205153056,-0.317445363965807,0.846024274491248,-0.146629381426511,-0.00997520906797685,0.00494128592214068,-0.846666021274749,0.221804647456085
10.3994052949988,0.244858682179813,-0.316980682197892,0.84586921660403,-0.148358008578101,-0.00994831061351088,0.00495024253504252,-0.845873983176954,0.223260215940959
10.4715267141616,0.242727616089632,-0.316502431518199,0.845700700154455,-0.150097503954809,-0.00992137841504445,0.00495911957420464,-0.845071691227611,0.224720790864026
10.5441483060703,0.240603177526968,-0.316010722247069,0.845518554537394,-0.151847782992199,-0.00989441320182713,0.00496791769689185,-0.844259052600373,0.226186332677258
10.6172735394972,0.238485534764182,-0.315505667265129,0.845322609582831,-0.153608758598153,-0.00986741567752931,0.00497663757135569,-0.84343597406046,0.227656800445122
10.6909059072708,0.236374853654271,-0.314987381953504,0.845112695589543,-0.15538034115141,-0.00984038651994104,0.00498527987609035,-0.842602361979457,0.229132151823358
10.7650489264432,0.234271297585343,-0.314455984133063,0.844888643358739,-0.157162438500429,-0.0098133263806917,0.00499384529907967,-0.841758122350634,0.230612343037751
10.8397061384575,0.232175027436841,-0.313911594002763,0.844650284227646,-0.158954955962557,-0.00978623588499061,0.00500233453703571,-0.840903160804787,0.232097328862893
10.9148811093176,0.230086201537551,-0.313354334077145,0.844397450103054,-0.160757796323494,-0.00975911563138901,0.00501074829462958,-0.840037382626632,0.233587062600947
10.9905774297578,0.2280049756254,-0.312784329123036,0.844129973494817,-0.162570859837048,-0.00973196619156341,0.00501908728371511,-0.839160692771732,0.235081496060436
11.0667987154147,0.225931502809059,-0.312201706095526,0.843847687549318,-0.164394044225174,-0.0097047881101207,0.005027352222546,-0.838272995883982,0.236580579535047
11.1435486070002,0.223865933531366,-0.311606594073263,0.843550426082906,-0.16622724467827,-0.00967758190442511,0.00503554383498712,-0.837374196313658,0.238084261782472
11.2208307704748,0.221808415534577,-0.310999124193141,0.843238023615294,-0.168070353855755,-0.00965034806444714,0.00504366284972044,-0.836464198136028,0.239592490003301
11.2986488972231,0.21975909382745,-0.310379429584417,0.842910315402953,-0.169923261886881,-0.0096230870526347,0.00505170999944649,-0.835542905170546,0.241105209819968
11.3770067042298,0.217718110654177,-0.309747645302335,0.842567137472475,-0.171785856371804,-0.00959579930380652,0.00505968602008168,-0.834610221000626,0.242622365255767
11.4559079342577,0.215685605465151,-0.309103908261306,0.842208326653937,-0.173658022382894,-0.00956848522506791,0.00506759164995238,-0.833666048994004,0.244143898713948
11.535356356026,0.213661714889593,-0.308448357167698,0.841833720614268,-0.17553964246627,-0.00954114519574901,0.00507542762898624,-0.832710292323706,0.245669750956913
11.6153557643908,0.211646572710015,-0.307781132452296,0.841443157890613,-0.177430596643569,-0.00951377956736555,0.00508319469790145,-0.831742853989611,0.247199861085513
11.6959099805258,0.209640309838533,-0.307102376202493,0.841036477923728,-0.179330762413936,-0.00948638866360219,0.00509089359739457,-0.830763636840634,0.248734166518464
11.7770228521052,0.207643054295024,-0.306412232094258,0.84061352109139,-0.181240014756226,-0.00945897278031839,0.00509852506732757,-0.829772543597521,0.250272602971901
11.8586982534876,0.205654931187111,-0.305710845323945,0.840174128741846,-0.183158226131426,-0.00943153218557701,0.00510608984591468,-0.828769476876273,0.251815104439078
11.9409400859005,0.203676062691982,-0.304998362539991,0.839718143227313,-0.185085266485276,-0.00940406711969533,0.00511358866890981,-0.827754339212196,0.253361603170223
12.0237522776272,0.201706568040029,-0.304274931774567,0.839245407937526,-0.18702100325111,-0.00937657779531876,0.00512102226879496,-0.826727033084596,0.254912029652583
12.1071387841942,0.199746563500285,-0.303540702375222,0.838755767333356,-0.188965301352887,-0.00934906439751693,0.00512839137397045,-0.825687460942105,0.256466312590645
12.1911035885602,0.197796162367671,-0.30279582493658,0.838249066980511,-0.190918023208435,-0.00932152708390237,0.00513569670794752,-0.824635525228667,0.258024378886576
12.2756507013062,0.195855474952008,-0.302040451232148,0.837725153583314,-0.192879028732893,-0.00929396598477136,0.00514293898854383,-0.823571128410167,0.25958615362088
12.3607841608273,0.193924608568809,-0.301274734146265,0.837183875018596,-0.194848175342356,-0.0092663812032672,0.00515011892708267,-0.822494173001729,0.261151560033294
12.4465080335254,0.192003667531803,-0.300498827606272,0.836625080369691,-0.196825317957725,-0.0092387728155655,0.00515723722759629,-0.821404561595666,0.262720519503944
12.5328264140034,0.190092753147201,-0.299712886514921,0.836048619960559,-0.198810309008762,-0.00921114087108155,0.00516429458603412,-0.820302196890106,0.264292951534768
12.6197434252612,0.188191963709664,-0.298917066683093,0.835454345390048,-0.200802998438349,-0.00918348539269946,0.00517129168947633,-0.819186981718287,0.265868773731236
12.7072632188919,0.186301394499956,-0.298111524762862,0.834842109566304,-0.202803233706964,-0.00915580637702303,0.00517822921535347,-0.818058819078523,0.267447901784373
12.7953899752808,0.184421137784262,-0.297296418180947,0.834211766741334,-0.204810859797371,-0.00912810379464814,0.00518510783067265,-0.816917612164857,0.269030249453112
12.8841279038047,0.18255128281515,-0.296471905072614,0.833563172545759,-0.206825719219528,-0.00910037759045641,0.00519192819125093,-0.815763264398386,0.270615728546989
12.9734812430331,0.180691915834137,-0.295638144216039,0.832896184023737,-0.208847652015726,-0.00907262768392991,0.00519869094095639,-0.814595679459279,0.272204248909208
13.0634542609305,0.17884312007585,-0.294795294967216,0.832210659668093,-0.210876495765957,-0.00904485396948686,0.00520539671095764,-0.813414761319477,0.273795718400082
13.1540512550606,0.177004975773741,-0.293943517195411,0.831506459455655,-0.212912085593531,-0.00901705631683782,0.00521204611898199,-0.812220414276078,0.275390042880886
13.2452765527909,0.175177560167337,-0.293082971219223,0.830783444882816,-0.214954254170933,-0.00898923457136233,0.00521863976858322,-0.811012542985417,0.276987126198126
13.3371345115004,0.173360947510982,-0.292213817743294,0.830041479001327,-0.217002831725949,-0.0089613885545056,0.0052251782484192,-0.809791052497836,0.278586870168256
13.4296295187868,0.171555209084062,-0.291336217795685,0.829280426454337,-0.219057646048058,-0.00893351806419512,0.00523166213153997,-0.808555848293137,0.280189174562866
13.5227659926764,0.169760413202652,-0.290450332665967,0.828500153512689,-0.221118522495105,-0.00890562287527666,0.00523809197468683,-0.807306836316736,0.281793937094341
13.6165483818355,0.167976625232581,-0.289556323844069,0.827700528111486,-0.223185284000269,-0.00887770273996959,0.00524446831760302,-0.806043923016498,0.283401053402046
13.7109811657822,0.166203907603865,-0.288654352959891,0.826881419886935,-0.22525775107934,-0.00884975738834106,0.00525079168235623,-0.804767015380262,0.285010417039029
13.806068855101,0.164442319826474,-0.287744581723735,0.826042700213479,-0.227335741838309,-0.00882178652879883,0.00525706257267376,-0.803476020974059,0.28662191945928
13.9018159916578,0.162691918507412,-0.28682717186758,0.825184242241229,-0.229419071981306,-0.00879378984860221,0.0052632814732906,-0.802170847981004,0.288235450005569
13.998227148817,0.160952757369058,-0.285902285087219,0.824305920933705,-0.231507554818876,-0.00876576701439099,0.0052694488493109,-0.800851405240875,0.289850895897871
14.0953069316601,0.159224887268744,-0.284970082985294,0.823407613105891,-0.233601001276634,-0.00873771767273185,0.00527556514558344,-0.79951760229037,0.291468142222427
14.1930599772055,0.157508356219527,-0.284030727015256,0.822489197462623,-0.235699219904295,-0.00870964145068195,0.0052816307860914,-0.798169349404034,0.293087071921433
14.2914909546299,0.155803209412126,-0.283084378426268,0.821550554637299,-0.237802016885118,-0.00868153795636923,0.00528764617335693,-0.796806557635855,0.294707565783415
14.3906045654914,0.154109489237979,-0.282131198209077,0.820591567230939,-0.23990919604576,-0.00865340677958917,0.00529361168786094,-0.795429138861521,0.296329502434277
14.4904055439544,0.152427235313386,-0.281171347042875,0.819612119851591,-0.242020558866583,-0.00862524749241743,0.00529952768747854,-0.794037005821341,0.297952758329085
14.5908986570152,0.150756484504705,-0.280204985243175,0.818612099154079,-0.244135904492416,-0.00859705964983819,0.00530539450693054,-0.792630072163801,0.299577207744574
14.6920887047298,0.149097270954554,-0.279232272710712,0.817591393880121,-0.246255029743803,-0.0085688427903875,0.00531121245725136,-0.791208252489776,0.301202722772432
14.7939805204436,0.147449626108992,-0.278253368881388,0.816549894898803,-0.248377729128757,-0.00854059643681144,0.00531698182527378,-0.789771462397363,0.302829173313375
14.8965789710218,0.145813578745633,-0.277268432677284,0.815487495247415,-0.250503794855038,-0.00851232009673856,0.00532270287313091,-0.788319618527345,0.304456427072025
14.999888957082,0.144189155002655,-0.276277622458746,0.814404090172656,-0.252633016842989,-0.00848401326336616,0.00532837583777571,-0.786852638609261,0.306084349552644
15.1039154132284,0.142576378408675,-0.275281095977564,0.81329957717221,-0.254765182738938,-0.00845567541615994,0.0053340009305184,-0.785370441508087,0.307712804055724
15.2086633082875,0.140975269913442,-0.274279010331245,0.812173856036683,-0.256900077929206,-0.00842730602156663,0.0053395783365822,-0.7838729472715,0.309341651675471
15.3141376455451,0.139385847919314,-0.273271521918408,0.811026828891918,-0.259037485554735,-0.00839890453373913,0.00534510821467758,-0.782360077177723,0.310970751298205
15.4203434629857,0.137808128313484,-0.272258786395295,0.809858400241667,-0.261177186526372,-0.00837047039527353,0.00535059069659546,-0.780831753783929,0.312599959601703
15.5272858335329,0.13624212450091,-0.271240958633413,0.808668477010634,-0.263318959540817,-0.00834200303795783,0.00535602588681958,-0.779287900975207,0.314229131055511
15.6349698652918,0.134687847437925,-0.270218192678315,0.807456968587873,-0.265462581097284,-0.00831350188353157,0.00536141386215844,-0.777728444014045,0.315858117922241
15.7434007017931,0.133145305666473,-0.26919064170952,0.806223786870545,-0.267607825514885,-0.0082849663444561,0.00536675467139699,-0.776153309590347,0.317486770259901
15.8525835222385,0.131614505348946,-0.268158458001582,0.804968846308021,-0.269754464950772,-0.00825639582469489,0.00537204833496837,-0.774562425871942,0.319114935925256
15.9625235417481,0.130095450303585,-0.267121792886311,0.80369206394633,-0.271902269419058,-0.00822778972050336,0.005377294844646,-0.772955722555575,0.320742460578262
16.07322601161,0.128588142040405,-0.266080796716145,0.802393359472937,-0.274051006810559,-0.00819914742122787,0.00538249416325625,-0.77133313091837,0.322369187687601
16.1846962195303,0.127092579797603,-0.265035618828673,0.801072655261851,-0.276200442913362,-0.00817046831011315,0.00538764622441194,-0.769694583869727,0.323994958537326
16.2969394898867,0.125608760578434,-0.263986407512316,0.799729876419036,-0.278350341434267,-0.00814175176511779,0.00539275093226678,-0.768040016003648,0.325619612234658
16.4099611839816,0.12413667918849,-0.26293330997316,0.798364950828136,-0.280500464021129,-0.00811299715973729,0.00539780816129125,-0.766369363651459,0.327242985718949
16.5237667002994,0.122676328273381,-0.26187647230294,0.796977809196473,-0.282650570286112,-0.00808420386383403,0.00540281775606974,-0.764682564934915,0.32886491377184
16.6383614747635,0.12122769835675,-0.26081603944817,0.795568385101332,-0.284800417829907,-0.0080553712444737,0.0054077795311195,-0.762979559819655,0.330485229028636
16.7537509809962,0.119790777878622,-0.259752155180418,0.794136615036487,-0.286949762266922,-0.00802649866676766,0.00541269327073133,-0.761260290168984,0.332103761990925
16.8699407305804,0.118365553234026,-0.258684962067721,0.792682438458982,-0.289098357251484,-0.00799758549472071,0.00541755872883235,-0.759524699797961,0.333720341040457
16.9869362733223,0.116952008811874,-0.257614601447134,0.791205797836119,-0.291245954505082,-0.0079686310920836,0.00542237562887084,-0.757772734527762,0.335334792454323
17.1047431975172,0.115550127034066,-0.256541213398405,0.789706638692651,-0.293392303844667,-0.00793963482320989,0.00542714366372348,-0.756004342240282,0.336946940421428
17.2233671302159,0.114159888394775,-0.255464936718768,0.788184909658155,-0.29553715321205,-0.00791059605391657,0.00543186249562496,-0.754219472932972,0.338556607060314
17.3428137374936,0.112781271499902,-0.25438590889885,0.786640562514553,-0.297680248704419,-0.00788151415234777,0.00543653175612018,-0.752418078773843,0.340163612438331
17.4630887247206,0.111414253106654,-0.253304266099679,0.785073552243776,-0.299821334606007,-0.00785238848984118,0.00544115104603916,-0.750600114156644,0.341767774592178
17.5841978368348,0.110058808163226,-0.252220143130788,0.783483837075517,-0.301960153420924,-0.00782321844179647,0.00544571993549466,-0.748765535756151,0.343368909549854
17.7061468586161,0.108714909848553,-0.251133673429395,0.781871378535073,-0.304096445907202,-0.00779400338854521,0.00545023796390265,-0.746914302583559,0.344966831354013
17.8289416149627,0.107382529612112,-0.250044989040662,0.780236141491234,-0.306229951112058,-0.00776474271622174,0.00545470464002581,-0.745046376041916,0.346561352086763
17.9525879711692,0.106061637213734,-0.248954220599007,0.778578094204186,-0.308360406408406,-0.00773543581763438,0.0054591194420399,-0.743161719981592,0.348152281895918
18.0770918332073,0.104752200763413,-0.247861497310471,0.776897208373405,-0.310487547532656,-0.00770608209313639,0.00546348181762321,-0.741260300755723,0.349739429022716
18.2024591480069,0.103454186761077,-0.24676694693611,0.775193459185505,-0.312611108623796,-0.00767668095149617,0.00546779118406914,-0.739342087275608,0.351322599831035
18.3286959037413,0.102167560136304,-0.245670695776422,0.773466825362007,-0.314730822263813,-0.0076472318107661,0.0054720469284218,-0.73740705106601,0.352901598838107
18.4558081301122,0.100892284287949,-0.244572868656768,0.77171728920699,-0.316846419519444,-0.00761773409914932,0.00547624840763474,-0.73545516632033,0.354476228746754
18.5838018986386,0.0996283211236657,-0.243473588913794,0.769944836654591,-0.3189576299853,-0.00758818725586411,0.00548039494875281,-0.73348640995561,0.35604629047916
18.7126833229461,0.0983756310993011,-0.242372978382833,0.768149457316318,-0.321064181828378,-0.00755859073200503,0.00548448584911708,-0.731500761667318,0.357611583212189
18.8424585590593,0.0971341732581332,-0.241271157386263,0.766331144528124,-0.323165801833968,-0.0075289439914004,0.00548852037659282,-0.729498203983889,0.359171904414262
18.9731338056957,0.0959039052699388,-0.240168244722823,0.764489895397222,-0.325262215452995,-0.00749924651146545,0.00549249776982053,-0.727478722320961,0.360727049883804
19.1047153045619,0.0946847834698654,-0.239064357657851,0.762625710848575,-0.32735314685079,-0.0074694977840506,0.00549641723848986,-0.725442305035268,0.362276813789275
19.2372093406515,0.0934767628970897,-0.237959611914445,0.760738595671041,-0.329438318957328,-0.00743969731628423,0.0055002779636365,-0.723388943478154,0.363820988710786
19.3706222425457,0.0922797973332433,-0.236854121665521,0.758828558563105,-0.331517453518922,-0.00740984463140939,0.00550407909796182,-0.721318632048648,0.365359365683312
19.5049603827152,0.0910938393405858,-0.235747999526752,0.756895612178177,-0.333590271151417,-0.00737993926961386,0.0055078197661752,-0.719231368246063,0.366891734241512
19.6402301778248,0.0899188402999094,-0.234641356550374,0.754939773169387,-0.335656491394864,-0.00734998078885286,0.00551149906535905,-0.71712715272207,0.368417882466154
19.7764380890397,0.0887547504481566,-0.23353430221984,0.752961062233842,-0.337715832769711,-0.00731996876566403,0.00551511606535616,-0.715005989332201,0.369937597032147
19.9135906223344,0.0876015189157351,-0.232426944445307,0.750959504156296,-0.339768012834498,-0.00728990279597386,0.00551866980917947,-0.712867885186719,0.371450663258197
20.0516943288031,0.0864590937635148,-0.231319389559927,0.748935127852174,-0.341812748245081,-0.00725978249589511,0.00552215931344397,-0.710712850700828,0.372956865158063
20.1907558049731,0.0853274220194911,-0.230211742316947,0.746887966409911,-0.343849754815383,-0.00722960750251464,0.00552558356882064,-0.708540899644157,0.374455985493443
20.3307816931193,0.0842064497151006,-0.229104105887573,0.744818057132542,-0.345878747579665,-0.00719937747467093,0.0055289415405121,-0.706352049189469,0.375947805828452
20.4717786815819,0.0830961219211755,-0.227996581859603,0.742725441578505,-0.347899440856346,-0.00716909209372085,0.00553223216874998,-0.704146319960548,0.377432106585726
20.6137535050858,0.0819963827835249,-0.226889270236794,0.740610165601584,-0.349911548313343,-0.00713875106429503,0.00553545436931359,-0.701923736079217,0.378908667104111
20.756712945062,0.0809071755581283,-0.225782269438958,0.738472279389964,-0.351914783034951,-0.00710835411504118,0.00553860703406982,-0.69968432521142,0.380377265697957
20.900663829972,0.0798284426459325,-0.224675676302755,0.736311837504312,-0.353908857590246,-0.00707790099935494,0.0055416890315339,-0.697428118612328,0.381837679717994
21.0456130356336,0.0787601256272387,-0.223569586083182,0.734128898914859,-0.355893484103015,-0.00704739149609747,0.00554469920745076,-0.695155151170421,0.383289685613781
21.1915674855492,0.0777021652956711,-0.22246409245572,0.731923527037406,-0.357868374323198,-0.00701682541029943,0.0055476363853969,-0.692865461450471,0.384733058997719
21.338534151237,0.0766545016917164,-0.221359287519139,0.729695789768207,-0.359833239699842,-0.00698620257385054,0.00555049936740214,-0.690559091735399,0.386167574710615
21.4865200525637,0.0756170741358246,-0.220255261798931,0.727445759517667,-0.361787791455546,-0.00695552284617439,0.00555328693459127,-0.688236088066933,0.387593006888771
21.6355322580795,0.0745898212610646,-0.219152104251353,0.725173513242807,-0.363731740662388,-0.00692478611488774,0.00555599784784501,-0.685896500285029,0.389009129032593
21.7855778853565,0.0735726810453245,-0.218049902268073,0.722879132478429,-0.365664798319319,-0.00689399229644385,0.00555863084848014,-0.683540382065987,0.390415714076698
21.9366641013278,0.0725655908430496,-0.216948741681387,0.720562703366926,-0.367586675431009,-0.00686314133675927,0.00556118465894827,-0.681167790959218,0.391812534461483
22.0887981226306,0.0715684874165135,-0.215848706769997,0.718224316686684,-0.369497083088112,-0.00683223321182357,0.005563657983553,-0.678778788422607,0.393199362206156
22.2419872159503,0.0705813069666125,-0.214749880265329,0.715864067879011,-0.371395732548949,-0.00680126792829141,0.00556604950918495,-0.676373439856419,0.394575968983185
22.396238698368,0.069603985163181,-0.213652343358382,0.713482057073549,-0.373282335322568,-0.00677024552405641,0.00556835790607439,-0.673951814635691,0.39594212619414
22.5515599377096,0.06863645717482,-0.212556175707068,0.711078389112086,-0.375156603253154,-0.00673916606880644,0.00557058182856093,-0.671513986141064,0.397297605046913
22.7079583528983,0.0676786576982362,-0.211461455444057,0.708653173570749,-0.377018248605774,-0.0067080296645596,0.00557271991587983,-0.669060031787999,0.398642176634267
22.8654414143084,0.0667305209870859,-0.210368259185084,0.706206524780477,-0.378866984153414,-0.0066768364461805,0.00557477079296457,-0.666590033054327,0.399975612013688
23.0240166441225,0.0657919808803209,-0.209276662037707,0.703738561845761,-0.380702523265276,-0.00664558658187645,0.00557673307126507,-0.664104075506076,0.401297682288505
23.1836916166905,0.0648629708300327,-0.208186737610514,0.70124940866156,-0.382524579996303,-0.00661428027367276,0.00557860534958114,-0.661602248821536,0.402608158690245
23.3444739588916,0.063943423928793,-0.207098558022738,0.69873919392836,-0.384332869177892,-0.00658291775786701,0.00558038621491063,-0.659084646813504,0.403906812662172
23.5063713504986,0.0630332729364873,-0.206012193914282,0.696208051165315,-0.386127106509752,-0.00655149930546161,0.00558207424331177,-0.656551367449658,0.405193415943982
23.6693915245447,0.0621324503066397,-0.204927714456128,0.693656118721411,-0.387907008652868,-0.00652002522257429,0.0055836680007791,-0.654002512871021,0.406467740657597
23.8335422676926,0.0612408882122284,-0.203845187361124,0.691083539784611,-0.389672293323526,-0.00648849585082603,0.00558516604413253,-0.651438189408457,0.40772955939403
23.9988314206069,0.0603585185709902,-0.202764678895114,0.68849046238892,-0.391422679388347,-0.006456911567706,0.00558656692191878,-0.648858507597164,0.408978645301256
24.1652668783283,0.059485273070213,-0.201686253888417,0.685877039419326,-0.393157886960288,-0.00642527278691318,0.00558786917532488,-0.64626358218911,0.410214772173051
24.3328565906507,0.0586210831910166,-0.200609975747628,0.683243428614562,-0.394877637495546,-0.00639357995867412,0.0055890713391028,-0.643653532163371,0.411437714538745
24.5016085625011,0.0577658802321218,-0.199535906467722,0.68058979256765,-0.396581653891332,-0.00636183357003658,0.00559017194250484,-0.641028480734331,0.412647247753837
24.6715308543219,0.056919595333108,-0.198464106644459,0.677916298724164,-0.398269660584428,-0.0063300341451386,0.00559116951022906,-0.6383885553577,0.413843148091413
24.8426315824557,0.0560821594971598,-0.197394635487058,0.675223119378191,-0.399941383650504,-0.00629818224545267,0.00559206256337403,-0.635733887734309,0.415025192834317
25.0149189195333,0.0552535036133054,-0.196327550831149,0.672510431665925,-0.401596550904102,-0.00626627847000469,0.00559284962040235,-0.633064613811651,0.41619316036801
25.1884010948637,0.0544335584781453,-0.195262909151954,0.669778417556859,-0.403234891999248,-0.00623432345556735,0.00559352919811215,-0.630380873783121,0.417346830274064
25.3630863948277,0.0536222548170756,-0.194200765577726,0.667027263842542,-0.404856138530615,-0.00620231787682768,0.00559409981261601,-0.627682812084929,0.41848598342422
25.538983163273,0.0528195233050076,-0.193141173903391,0.664257162122856,-0.406460024135177,-0.00617026244652843,0.00559455998032643,-0.624970577390644,0.419610402074957
25.7160998019135,0.0520252945865841,-0.192084186604409,0.661468308789774,-0.408046284594277,-0.00613815791558309,0.0055949082189473,-0.62224432260335,0.420719869962496
25.89444477073,0.0512394992958972,-0.191029854850825,0.658660905008576,-0.409614657936047,-0.00610600507316425,0.0055951430484705,-0.619504204845375,0.421814172398181
26.0740265883745,0.0504620680757102,-0.189978228521502,0.655835156696479,-0.411164884538107,-0.00607380474676505,0.00559526299217695,-0.616750385445562,0.422893096364164
26.2548538325773,0.0496929315961841,-0.188929356218523,0.652991274498658,-0.412696707230469,-0.00604155780223364,0.00559526657764144,-0.613983029924072,0.423956430609329
26.4369351405564,0.0489320205731171,-0.187883285281753,0.650129473761633,-0.414209871398556,-0.00600926514378033,0.00559515233774029,-0.611202307974681,0.425003965745371
26.6202792094301,0.0481792657856948,-0.186840061803537,0.647249974503991,-0.415704125086292,-0.0059769277139574,0.00559491881166122,-0.60840839344456,0.426035494342982
26.8048947966327,0.0474345980937595,-0.185799730643537,0.644353001384418,-0.417179219099143,-0.00594454649361126,0.00559456454591463,-0.605601464311508,0.427050811028041
26.9907907203326,0.0466979484546005,-0.184762335443685,0.64143878366704,-0.418634907107068,-0.0059121225018071,0.00559408809534546,-0.602781702658637,0.42804971257776
27.1779758598533,0.0459692479392695,-0.18372791864325,0.638507555184025,-0.420070945747272,-0.00587965679572569,0.00559348802414481,-0.59994929464648,0.429031998016686
27.3664591560979,0.0452484277484266,-0.182696521493995,0.635559554295467,-0.421487094726686,-0.00584715047053243,0.00559276290686066,-0.597104430482523,0.42999746871251
27.556249611976,0.0445354192277208,-0.181668184075429,0.632595023846502,-0.4228831169241,-0.00581460465921855,0.0055919113294067,-0.594247304388141,0.430945928471572
27.7473562928336,0.0438301538827095,-0.180642945310127,0.629614211121686,-0.424258778491847,-0.00578202053241444,0.00559093189006857,-0.591378114562943,0.431877183634014
27.9397883268864,0.0431325633933222,-0.179620842979124,0.6266173677966,-0.425613848956974,-0.00574939929817516,0.00558982320050667,-0.588497063146509,0.432791043168484
28.1335549056553,0.0424425796278743,-0.178601913737354,0.623604749886688,-0.426948101321787,-0.00571674220173814,0.00558858388675473,-0.585604356177534,0.433687318766316
28.3286652844062,0.0417601346566342,-0.177586193129149,0.620576617693336,-0.42826131216371,-0.00568405052525311,0.0055872125902133,-0.582700203550365,0.434565824935107
28.5251287825912,0.0410851607649514,-0.17657371560376,0.617533235747184,-0.429553261734357,-0.00565132558748442,0.00558570796863732,-0.579784818968946,0.435426379091607
28.7229547842946,0.040417590465949,-0.17556451453091,0.614474872748679,-0.430823734057718,-0.00561856874348579,0.00558406869711697,-0.576858419898171,0.436268801653842
28.9221527386804,0.0397573565127876,-0.174558622216372,0.611401801505888,-0.432072517027404,-0.00558578138424764,0.00558229346905105,-0.573921227512668,0.437092916132392
29.1227321604441,0.0391043919105059,-0.173556069917542,0.608314298869568,-0.433299402502819,-0.0055529649363173,0.00558038099711186,-0.570973466643001,0.437898549220739
29.324702630267,0.0384586299274436,-0.172556887859026,0.605212645665526,-0.434504186404211,-0.00552012086139207,0.00557833001420105,-0.568015365719344,0.438685530884601
29.5280737952738,0.0378200041062522,-0.171561105248207,0.602097126624266,-0.435686668806484,-0.00548725065588554,0.00557613927439531,-0.5650471567126,0.43945369445018
29.7328553694936,0.037188448274501,-0.170568750290806,0.59896803030797,-0.436846654031699,-0.00545435585046733,0.00557380755388138,-0.562069075073034,0.440202876691227
29.9390571343235,0.0365638965548827,-0.169579850206412,0.59582564903482,-0.437983950740167,-0.00542143800957661,0.00557133365187935,-0.559081359666401,0.440932917914866
30.1466889389963,0.035946283375026,-0.168594431243986,0.592670278800698,-0.439098372020052,-0.00538849873090954,0.00556871639155357,-0.55608425270763,0.44164366204607
30.3557607010504,0.035335543476921,-0.167612518697321,0.58950221919829,-0.440189735475395,-0.00535553964488123,0.00556595462091036,-0.553077999692074,0.442334956710733
30.566282406804,0.034731611925963,-0.166634136920462,0.586321773333634,-0.44125786331247,-0.00532256241406224,0.00556304721368172,-0.550062849324367,0.443006653317242
30.7782641118319,0.034134424119623,-0.165659309343069,0.583129247740153,-0.44230258242439,-0.00528956873259036,0.0055599930701942,-0.547039053444923,0.443658607136481
30.9917159414457,0.0335439157957485,-0.164688058485722,0.579924952290205,-0.443323724473871,-0.00525656032555778,0.00555679111822233,-0.544006866954115,0.444290677380184
31.2066480911777,0.0329600230405035,-0.163720405975161,0.576709200104201,-0.444321125974089,-0.00522353894837428,0.0055534403138257,-0.54096654773418,0.444902727277563
31.4230708272674,0.0323826822959531,-0.162756372559456,0.573482307457341,-0.445294628367517,-0.00519050638610685,0.00554993964216902,-0.537918356568883,0.445494624150134
31.6409944871527,0.0318118303672986,-0.161795978123095,0.570244593684014,-0.446244078102691,-0.00515746445279623,0.00554628811832441,-0.534862557061004,0.446066239484669
31.8604294799627,0.0312474044297717,-0.160839241701993,0.566996381079916,-0.447169326708806,-0.00512441499075079,0.00554248478805524,-0.531799415547686,0.446617449004203
32.0813862870155,0.0306893420351912,-0.159886181498412,0.563737994801946,-0.448070230868073,-0.00509135986981853,0.00553852872858079,-0.528729201013697,0.447148132737016
32.3038754623189,0.0301375811181922,-0.158936814895782,0.560469762765947,-0.448946652485757,-0.00505830098663751,0.00553441904932106,-0.525652185002674,0.447658175083535
32.5279076330741,0.0295920600021319,-0.157991158473433,0.557192015542331,-0.449798458757822,-0.00502524026386542,0.00553015489262106,-0.522568641526382,0.448147464881072
32.7534935001834,0.0290527174046795,-0.157049228021211,0.553905086249689,-0.45062552223611,-0.00499217964938892,0.00552573543445398,-0.519478846972085,0.448615895466347
32.9806438387618,0.0285194924430972,-0.156111038554,0.55060931044642,-0.451427720890986,-0.00495912111551336,0.00552115988510255,-0.516383080008053,0.44906336473572
33.2093694986511,0.0279923246392177,-0.155176604326115,0.547305026020479,-0.452204938171381,-0.00492606665813343,0.00551642748981799,-0.513281621487304,0.449489775203077
33.4396814049384,0.0274711539241264,-0.154245938845594,0.543992573077294,-0.452957063062155,-0.0048930182958857,0.00551153752945607,-0.51017475434962,0.449895034055309
33.6715905584778,0.0269559206425531,-0.15331905488836,0.54067229382595,-0.453683990138744,-0.00485997806928336,0.00550648932108958,-0.507062763521935,0.450279053205325
33.9051080364161,0.0264465655569816,-0.152395964512256,0.537344532463704,-0.454385619618994,-0.00482694803983421,0.00550128221859672,-0.503945935817142,0.45064174934254
34.1402449927217,0.0259430298514821,-0.151476679070966,0.534009635058916,-0.455061857412155,-0.00479393028914251,0.00549591561322499,-0.500824559831414,0.450983043980796
34.3770126587175,0.025445255135274,-0.150561209227787,0.530667949432489,-0.455712615164963,-0.0047609269179954,0.00549038893412991,-0.4976989258401,0.451302863503653
34.6154223436172,0.0249531834460252,-0.149649564969275,0.527319825037885,-0.456337810304758,-0.00472794004543469,0.0054847016488883,-0.494569325692285,0.45160113920701
34.8554854350656,0.0244667572528944,-0.148741755618759,0.52396561283983,-0.456937366079599,-0.0046949718078149,0.00547885326398548,-0.491436052704088,0.45187780733901
35.0972133996824,0.0239859194593228,-0.147837789849701,0.520605665191768,-0.457511211595311,-0.00466202435784824,0.00547284332527622,-0.48829940155078,0.45213280913718
35.3406177836102,0.0235106134055817,-0.146937675698924,0.517240335712189,-0.45805928184944,-0.00462909986363737,0.00546667141841878,-0.485159668157812,0.452366090862778
35.5857102130658,0.0230407828710824,-0.146041420579688,0.513869979159893,-0.458581517762064,-0.00459620050769681,0.00546033716928191,-0.482017149590831,0.452577603832301
35.8325023948954,0.0225763720764548,-0.145149031294623,0.510494951308306,-0.459077866203421,-0.00456332848596382,0.00545384024432438,-0.478872143944771,0.452767304446122
36.081006117134,0.0221173256854001,-0.144260514048507,0.50711560881894,-0.459548280018332,-0.00453048600679964,0.00544718035094674,-0.475724950232111,0.452935154214224
36.3312332495683,0.0216635888063253,-0.143375874460894,0.503732309114085,-0.459992718047374,-0.00449767528998182,0.00544035723781507,-0.472575868270384,0.453081119779016
36.5831957443038,0.0212151069937651,-0.14249511757859,0.500345410248846,-0.460411145144788,-0.00446489856568878,0.00543337069515644,-0.469425198569032,0.453205172935181
36.8369056363357,0.0207718262495956,-0.141618247887971,0.496955270782615,-0.460803532193089,-0.00443215807347712,0.00542622055502592,-0.46627324221569,0.453307290646562
37.0923750441235,0.0203336930240497,-0.140745269327145,0.493562249650084,-0.461169856114366,-0.00439945606125295,0.00541890669154493,-0.463120300762002,0.453387455060045
37.3496161701702,0.019900654216536,-0.139876185297952,0.490166706031897,-0.461510099878253,-0.00436679478423784,0.00541142902111077,-0.459966676109044,0.453445653516446
37.6086413016048,0.0194726571762698,-0.139010998677813,0.486768999225046,-0.461824252506551,-0.00433417650393039,0.00540378750257722,-0.456812670392472,0.453481878558364
37.8694628107695,0.0190496497027214,-0.138149711831409,0.483369488513117,-0.462112309074503,-0.00430160348706441,0.00539598213740618,-0.453658585867457,0.453496127935019
38.1320931558105,0.0186315800458874,-0.137292326622202,0.479968533036476,-0.462374270708712,-0.00426907800456443,0.00538801296979018,-0.45050472479353,0.453488404604048
38.3965448812729,0.0182183969063904,-0.136438844423799,0.476566491662513,-0.462610144581695,-0.00423660233049962,0.00537988008674582,-0.447351389319407,0.453458716730267
38.6628306187004,0.0178100494354138,-0.13558926613114,0.473163722856044,-0.462819943903084,-0.0042041787410369,0.00537158361817812,-0.444198881367906,0.453407077681401
38.9309630872381,0.0174064872344756,-0.134743592171536,0.469760584549967,-0.46300368790747,-0.0041718095133942,0.00536312373691583,-0.441047502521035,0.453333506020783
39.2009550942403,0.0170076603550495,-0.133901822515539,0.466357434016281,-0.463161401838906,-0.00413949692479477,0.00535450065871777,-0.437897553905355,0.453238025497031
39.4728195358824,0.0166135192980351,-0.133063956687639,0.462954627737569,-0.463293116932083,-0.00410724325142339,0.00534571464225021,-0.434749336077701,0.453120665030713
39.7465693977764,0.0162240150130858,-0.132229993776809,0.459552521279048,-0.463398870390181,-0.0040750507673854,0.00533676598903563,-0.431603148911364,0.45298145869802
40.0222177555915,0.0158390988977981,-0.131399932446882,0.456151469161289,-0.463478705359438,-0.00404292174366946,0.00532765504337271,-0.428459291482814,0.452820445711457
40.2997777756789,0.0154587227967673,-0.130573770946756,0.452751824733695,-0.463532670900441,-0.00401085844711484,0.0053183821922281,-0.425318061959069,0.452637670397575
40.5792627157,0.015082839000516,-0.129751507120448,0.449353940048865,-0.463560821956171,-0.00397886313938418,0.0053089478650999,-0.422179757485782,0.452433182171773
40.8606859252603,0.0147114002442994,-0.12893313841697,0.4459581657379,-0.463563219316841,-0.00394693807594254,0.00529935253385316,-0.419044674076155,0.452207035510188
41.1440608465467,0.0143443597067922,-0.128118661900057,0.442564850886796,-0.463539929581547,-0.00391508550504359,0.00528959671252785,-0.415913106500751,0.451959289918715
41.4294010149697,0.0139816710086632,-0.127308074257717,0.43917434291398,-0.463491025116785,-0.00388330766672374,0.00527968095711939,-0.4127853481783,0.451690009899181
41.7167200598098,0.0136232882110408,-0.126501371811629,0.435786987449101,-0.463416584011855,-0.0038516067918051,0.00526960586533218,-0.409661691067581,0.451399264912704
42.0060317048688,0.0132691658138758,-0.125698550526375,0.432403128213177,-0.463316690031216,-0.00381998510090806,0.00525937207630648,-0.406542425560468,0.451087129340296
42.2973497691249,0.0129192587542045,-0.124899606018513,0.429023106900169,-0.463191432563825,-0.00378844480347415,0.005248980270319,-0.403427840376214,0.450753682440735
42.5906881673929,0.0125735224043175,-0.124104533565489,0.425647263060082,-0.463040906569517,-0.00375698809680022,0.00523843116845768,-0.400318222457059,0.450399008305746
42.8860609109892,0.0122319125698388,-0.123313328114387,0.422275933983683,-0.46286521252247,-0.00372561716508438,0.00522772553227099,-0.397213856865248,0.450023195812565
43.1834821084004,0.0118943854877188,-0.122525984290532,0.418909454588916,-0.46266445635183,-0.00369433417848468,0.00521686416339236,-0.394115026681514,0.449626338573902
43.4829659659579,0.0115608978241462,-0.12174249640592,0.415548157309095,-0.462438749379528,-0.00366314129219119,0.00520584790314004,-0.391022012905129,0.449208534885383
43.7845267885158,0.0112314066723823,-0.120962858467505,0.412192371982958,-0.462188208255373,-0.00363204064551207,0.00519467763209307,-0.387935094355571,0.448769887670505
44.0881789801347,0.0109058695505225,-0.120187064185326,0.408842425746668,-0.461912954889475,-0.00360103436097447,0.00518335426964385,-0.384854547575894,0.44831050442318
44.3939370447695,0.010584244399188,-0.119415106980485,0.405498642927817,-0.461613116382064,-0.00357012454344081,0.00517187877352774,-0.381780646737863,0.447830497147913
44.701815586962,0.0102664895791527,-0.118646979992967,0.402161344941525,-0.461288824950778,-0.00353931327924109,0.00516025213933045,-0.378713663548918,0.447329982297683
45.0118293125388,0.00995256386890772,-0.117882676089312,0.398830850188696,-0.460940217855489,-0.00350860263532192,0.0051484753999737,-0.375653867161036,0.446809080709585
45.3239930293136,0.00964242646216939,-0.117122187870146,0.395507473956499,-0.460567437320739,-0.00347799465841276,0.00513654962517975,-0.372601524081548,0.446267917538307
45.6383216477945,0.00933603696533125,-0.116365507677551,0.39219152832114,-0.460170630455862,-0.00344749137420995,0.00512447592091548,-0.369556898085972,0.445706622187502
45.954830181896,0.0090333553948665,-0.115612627602301,0.388883322052982,-0.459749949172875,-0.00341709478657919,0.00511225542881666,-0.366520250132913,0.445125328239126
46.2735337496566,0.00873434217468244,-0.114863539490949,0.385583160524081,-0.459305550102208,-0.00338680687677681,0.00509988932559303,-0.363491838281098,0.444524173380816
46.5944475739604,0.0084389581334311,-0.11411823495277,0.382291345618187,-0.458837594506363,-0.00335662960269045,0.0050873788224149,-0.36047191760857,0.443903299331377
46.9175869832646,0.00814716450177884,-0.11337670536657,0.379008175643264,-0.45834624819157,-0.00332656489809955,0.00507472516428191,-0.35746074013412,0.443262851764447
47.2429674123316,0.00785892290963832,-0.11263894188735,0.375733945246577,-0.457831681417547,-0.00329661467195615,0.00506192962937473,-0.354458554740981,0.442602980230433
47.5706044029659,0.00757419538336571,-0.111904935452833,0.372468945332403,-0.457294068805427,-0.00326678080768632,0.00504899352839031,-0.351465607102828,0.441923838076768
47.9005136047569,0.00729294434292621,-0.111174676789866,0.369213462982386,-0.456733589243948,-0.00323706516251274,0.00503591820386151,-0.348482139612138,0.441225582366591
48.2327107758263,0.00701513259903064,-0.110448156420673,0.365967781378612,-0.456150425793995,-0.0032074695667986,0.00502270502946166,-0.345508391310929,0.440508373795906
48.5672117835806,0.00674072335024588,-0.109725364668989,0.362732179729398,-0.45554476559158,-0.00317799582341341,0.00500935540929508,-0.342544597823921,0.439772376609323
48.904032605469,0.00646968018008189,-0.109006291666062,0.359506933197871,-0.454916799749343,-0.00314864570712072,0.00499587077717392,-0.339590991294151,0.439017758514436
49.243189329747,0.00620196705405786,-0.108290927356525,0.356292312833334,-0.45426672325668,-0.0031194209639883,0.00498225259588244,-0.336647800321065,0.438244690594938
49.5846981562442,0.00593754831674988,-0.107579261504145,0.353088585505466,-0.45359473487857,-0.00309032331082089,0.00496850235642923,-0.333715249901112,0.437453347222541
49.9285753971387,0.00567638868882282,-0.106871283697446,0.349896013841372,-0.452901037053199,-0.00306135443461575,0.00495462157728821,-0.330793561370872,0.436643905967786
50.2748374777359,0.00541845326404836,-0.106166983355217,0.346714856165508,-0.452185835788478,-0.00303251599204121,0.00494061180362921,-0.327882952352717,0.435816547509834
50.6235009372529,0.00516370750631182,-0.105466349731894,0.343545366442494,-0.451449340557535,-0.00300380960893851,0.00492647460653879,-0.324983636703051,0.434971455545295
50.974582429609,0.00491211724660954,-0.104769371922827,0.34038779422283,-0.450691764193285,-0.00297523687984679,0.00491221158223218,-0.322095824463109,0.43410881669621
51.3280987242209,0.00466364868003911,-0.104076038869435,0.337242384591532,-0.449913322782152,-0.00294679936755172,0.00489782435125698,-0.319219721812349,0.433228820417235
51.6840667068035,0.00441826836278451,-0.103386339364243,0.334109378119689,-0.449114235557048,-0.00291849860265751,0.0048833145576895,-0.316355531024444,0.43233165890213
52.0425033801768,0.0041759432090979,-0.102700262055812,0.330989010818953,-0.448294724789699,-0.0028903360831826,0.00486868386832431,-0.31350345042586,0.431417526989625
52.4034258650778,0.00393664048827977,-0.102017795453559,0.327881514098949,-0.447455015682396,-0.00286231327417896,0.00485393397185803,-0.310663674357047,0.430486622068743
52.7668514009784,0.00370032782165961,-0.101338927932467,0.324787114727626,-0.446595336259272,-0.00283443160737504,0.00483906657806779,-0.307836393136219,0.429539143983668
53.1327973469088,0.00346697317957833,-0.100663647737698,0.32170603479453,-0.445715917257193,-0.00280669248084229,0.00482408341698537,-0.305021793025747,0.428575294938222
53.5012811822866,0.00323654487837429,-0.0999919429890961,0.318638491676988,-0.444816992016337,-0.00277909725868543,0.00480898623806758,-0.302220056201125,0.42759527940005
53.8723205077517,0.00300901157737437,-0.0993238016855903,0.315584698009211,-0.443898796370574,-0.00275164727075605,0.00479377680936368,-0.299431360722537,0.426599304004571
54.2459330460073,0.00278434227589154,-0.0986592117095051,0.312544861654281,-0.442961568537702,-0.00272434381238982,0.00477845691668055,-0.296655880508981,0.425587577458783
54.6221366426659,0.00256250631023024,-0.0979981608307684,0.309519185679026,-0.442005549009654,-0.00269718814416694,0.00476302836274632,-0.293893785314964,0.424560310445003
55.0009492671021,0.00234347335070095,-0.0973406367110275,0.30650786833175,-0.441030980442732,-0.00267018149169583,0.00474749296637314,-0.291145240709733,0.423517715524597
55.3823890133107,0.00212721339864523,-0.096686626907673,0.303511103022809,-0.440038107547975,-0.00264332504541987,0.00473185256161984,-0.288410408059031,0.4224600070418
55.7664741007712,0.00191369678347216,-0.0960361188777711,0.300529078307997,-0.439027176981725,-0.00261661996044699,0.00471610899695504,-0.285689444509363,0.421387401027678
56.1532228753178,0.00170289415970761,-0.0953890999819088,0.297561977874725,-0.437998437236477,-0.00259006735640198,0.00470026413442151,-0.282982502974737,0.42030011510431
56.5426538100157,0.00149477650405705,-0.0947455574879519,0.294609980530965,-0.436952138532092,-0.00256366831730123,0.00468431984880238,-0.280289732125865,0.419198368389265
56.9347855060436,0.00128931511248321,-0.0941054785747194,0.291673260196921,-0.435888532707448,-0.00253742389144969,0.00466827802678981,-0.277611276381794,0.418082381400434
57.3296366935823,0.00108648159729906,-0.0934688503355746,0.288751985899397,-0.434807873112603,-0.00251133509135983,0.00465214056615675,-0.274947275903939,0.416952375961293
57.7272262327089,0.000886247884277454,-0.0928356597819361,0.285846321768837,-0.433710414501547,-0.00248540289369224,0.00463590937493251,-0.27229786659248,0.415808575106653
58.1275731142982,0.000688586209777845,-0.0922058938467106,0.282956427038979,-0.432596412925605,-0.00245962823921774,0.00461958637058259,-0.269663180085103,0.414651202988966
58.5306964609293,0.000493469117891021,-0.0915795393876486,0.280082456049102,-0.431466125627579,-0.00243401203280048,0.00460317347919343,-0.267043343758042,0.413480484785256
58.9366155277994,0.000300869457602408,-0.0909565831906249,0.277224558248819,-0.430319810936668,-0.00240855514340185,0.00458667263466265,-0.264438480729386,0.412296646604715
59.3453497036433,0.000110760379974681,-0.0903370119728471,0.274382878205369,-0.429157728164264,-0.00238325840410486,0.00457008577789531,-0.261848709864612,0.411099915397051
59.7569185116595,-7.68846646498227e-05,-0.0897208123859922,0.271557555613369,-0.427980137500661,-0.0023581226121586,0.00455341485600676,-0.259274145784312,0.409890518861619
60.1713416104428,-0.000262091929426331,-0.0891079710192738,0.268748725306974,-0.426787299912755,-0.00233314852904233,0.00453666182153252,-0.256714898874067,0.408668685357405
60.5886387949234,-0.000444887373764042,-0.0884984744024423,0.265956517274407,-0.425579477042784,-0.00230833688054905,0.00451982863164579,-0.254171075296423,0.407434643813917
61.0088299973121,-0.000625296666061256,-0.0878923090087183,0.263181056674797,-0.424356931108175,-0.00228368835688788,0.00450291724738301,-0.251642777004937,0.406188623643024
61.4319352880526,-0.000803345186418876,-0.0872894612576633,0.260422463857283,-0.423119924802545,-0.00225920361280507,0.00448592963287793,-0.249130101760228,0.404930854651798
61.8579748767801,-0.000979058029331998,-0.086689917517986,0.257680854382328,-0.421868721197913,-0.00223488326772308,0.00446886775460471,-0.246633143148014,0.403661566956415
62.2869691132868,-0.00115246000635908,-0.0860936641102896,0.254956339045194,-0.420603583648171,-0.00221072790589744,0.00445173358063041,-0.244151990599065,0.402380990897144
62.7189384884933,-0.00132357564876871,-0.0855006873097588,0.252249023901523,-0.41932477569387,-0.00218673807659075,0.00443452907987722,-0.241686729411033,0.401089356954482
63.1539036354283,-0.00149242921016366,-0.0849109733487895,0.249559010294959,-0.418032560968357,-0.00216291429426365,0.00441725622139509,-0.239237440772111,0.399786895666468
63.5918853302131,-0.00165904466908185,-0.0843245084195629,0.246886394886773,-0.416727203105313,-0.00213925703878207,0.00439991697364474,-0.236804201786475,0.398473837547222
64.032904493055,-0.00182344573157443,-0.0837412786765642,0.244231269687417,-0.415408965647734,-0.00211576675564044,0.00438251330379179,-0.234387085501444,0.397150413006739
64.4769821892457,-0.00198565583376063,-0.0831612702390492,0.241593722089962,-0.414078111958399,-0.00209244385620036,0.00436504717701207,-0.231986160936326,0.395816852271984
64.9241396301678,-0.0021456981443593,-0.0825844691934589,0.238973834905354,-0.412734905131844,-0.00206928871794424,0.00434752055580858,-0.229601493112886,0.394473385309311
65.3743981743082,-0.00230359556719734,-0.0820108615957842,0.236371686399431,-0.411379607907907,-0.00204630168474347,0.00432993539934034,-0.227233143087386,0.393120241748245
65.827779328278,-0.00245937074369466,-0.0814404334738821,0.233787350331645,-0.410012482586845,-0.00202348306714067,0.00431229366276348,-0.224881167984145,0.391757650806651
66.2843047478397,-0.002613046055326,-0.080873170829744,0.231220895995426,-0.408633790946085,-0.00200083314264539,0.00429459729658469,-0.222545621030575,0.390385841217332
66.7439962389419,-0.00276464362605947,-0.0803090596417188,0.22867238826013,-0.407243794158609,-0.00197835215604304,0.00427684824602749,-0.220226551593621,0.389005041156054
67.2068757587607,-0.00291418532477198,-0.0797480858666913,0.226141887614509,-0.40584275271302,-0.0019560403197163,0.00425904845041133,-0.217924005217569,0.387615478171054
67.6729654167483,-0.00306169276764161,-0.0791902354422164,0.223629450211643,-0.404430926335301,-0.00193389781397867,0.00424119984254392,-0.215638023663164,0.386217379114029
68.1422874756894,-0.003207187320517,-0.0786354942886128,0.221135127915281,-0.4030085739123,-0.00191192478741963,0.00422330434812685,-0.213368644947978,0.384810970072641
68.6148643527643,-0.00335069010126415,-0.078083848311014,0.218658968347515,-0.401575953416952,-0.001890121357261,0.00420536388517471,-0.211115903387981,0.383396476304544
69.0907186206199,-0.00349222198209036,-0.0775352834013815,0.216201014937747,-0.400133321835254,-0.00186848760972383,0.00418738036344795,-0.208879829640263,0.381974122172959
69.5698730084476,-0.00363180359184598,-0.076989785440478,0.213761306972868,-0.398680935095025,-0.00184702360040556,0.0041693556838995,-0.20666045074685,0.380544131083809
70.0523504030693,-0.00376945531830382,-0.0764473402998039,0.211339879648608,-0.397219047996445,-0.0018257293546668,0.00415129173813536,-0.204457790179556,0.379106725424424
70.5381738500302,-0.00390519731041667,-0.0759079338434979,0.208936764121984,-0.395747914144397,-0.00180460486802731,0.00413319040788923,-0.202271867885836,0.377662126503828
71.0273665547,-0.00403904948055296,-0.0753715519302015,0.206551987564797,-0.394267785882618,-0.00178365010657071,0.00411505356451129,-0.200102700335563,0.376210554494618
71.5199518833807,-0.0041710315067111,-0.0748381804148903,0.204185573218111,-0.392778914229673,-0.00176286500735744,0.00409688306847125,-0.1979503005687,0.374752228376446
72.0159533644237,-0.00430116283471257,-0.0743078051506711,0.201837540447657,-0.391281548816743,-0.00174224947884544,0.00407868076887557,-0.195814678243797,0.373287365881099
72.5153946893524,-0.00442946268037399,-0.0737804119905482,0.199507904800113,-0.389775937827256,-0.00172180340131821,0.00406044850299918,-0.193695839687277,0.371816183439199
73.0182997139948,-0.0045559500316587,-0.073255986789157,0.197196678060194,-0.388262327938333,-0.00170152662731965,0.00404218809583142,-0.191593787943447,0.370338896128502
73.5246924596224,-0.00468064365080809,-0.0727345154044685,0.194903868308493,-0.386740964264082,-0.00168141898209528,0.00402390135963646,-0.189508522825196,0.368855717623824
74.0345971140979,-0.00480356207645279,-0.0722159836994639,0.192629479980033,-0.385212090300714,-0.00166148026403942,0.00400559009352805,-0.187440040965317,0.367366860148569
74.5480380330304,-0.00492472362570442,-0.0717003775437802,0.190373513923452,-0.383675947873488,-0.00164171024514779,0.00398725608305874,-0.185388335868421,0.365872534427873
75.0650397409388,-0.0050441463962279,-0.0711876828153295,0.188135967460789,-0.38213277708549,-0.00162210867147525,0.00396890109982334,-0.183353397963377,0.364372949643358
75.585626932423,-0.00516184826829493,-0.0706778854018897,0.185916834447802,-0.380582816268222,-0.00160267526359802,0.00395052690107682,-0.181335214656245,0.362868313389482
76.1098244733437,-0.00527784690681888,-0.0701709712026705,0.183716105334772,-0.379026301934009,-0.00158340971708019,0.00393213522936641,-0.179333770383647,0.361358831631495
76.6376574020103,-0.00539215976337144,-0.069666926129853,0.181533767227745,-0.377463468730207,-0.00156431170294388,0.00391372781217799,-0.177349046666534,0.359844708664977
77.1691509303763,-0.00550480407818152,-0.0691657361101057,0.179369803950149,-0.375894549395212,-0.00154538086814285,0.00389530636159653,-0.1753810221643,0.358326147076963
77.7043304452438,-0.0056157968821166,-0.0686673870860756,0.177224196104746,-0.374319774716244,-0.00152661683603893,0.00387687257398073,-0.173429672729202,0.356803347708637
78.2432215094763,-0.00572515499864716,-0.068171865017857,0.175096921135875,-0.372739373488907,-0.00150801920688111,0.00385842812965154,-0.171494971461047,0.355276509619591
78.7858498632195,-0.00583289504579435,-0.0676791558844367,0.172987953391919,-0.371153572478504,-0.00148958755828668,0.00383997469259455,-0.169576888762089,0.353745830053621
79.3322414251308,-0.00593903343806145,-0.0671892456851185,0.170897264187973,-0.369562596383099,-0.0014713214457242,0.00382151391017623,-0.167675392392116,0.35221150440608
79.8824222936175,-0.00604358638834942,-0.0667021204409251,0.168824821868649,-0.367966667798295,-0.00145322040299785,0.00380304741287371,-0.16579044752366,0.35067372619273
80.436418748083,-0.00614656990985698,-0.06621776619598,0.166770591870977,-0.366366007183734,-0.00143528394273277,0.00378457681401813,-0.16392201679732,0.349132687020118
80.9942572501823,-0.0062479998179657,-0.0657361690188696,0.164734536787373,-0.364760832831278,-0.00141751155686118,0.00376610370955135,-0.162070060377133,0.347588576557438
81.555964445086,-0.00634789173211033,-0.0652573150039842,0.162716616428608,-0.363151360834868,-0.0013999027171087,0.00374762967779585,-0.160234536005969,0.346041582509861
82.121567162753,-0.00644626107763496,-0.0647811902728413,0.160716787886754,-0.361537805062028,-0.00138245687548078,0.00372915627923775,-0.158415399060918,0.34449189059333
82.6910924192116,-0.00654312308763531,-0.0643077809753897,0.158735005598063,-0.35992037712701,-0.00136517346474871,0.00371068505632269,-0.156612602608614,0.342939684510795
83.2645674178507,-0.00663849280478752,-0.0638370732912953,0.156771221405734,-0.358299286365542,-0.00134805189893507,0.00369221753326447,-0.154826097460483,0.341385145929856
83.8420195507184,-0.00673238508316408,-0.0633690534312096,0.154825384622539,-0.35667473981116,-0.00133109157379807,0.00367375521586624,-0.153055832227872,0.339828454461817
84.423476399831,-0.0068248145900369,-0.06290370763802,0.152897442093264,-0.355046942173109,-0.00131429186731485,0.00365529959135408,-0.151301753377016,0.338269787642114
85.0089657384898,-0.00691579580766839,-0.0624410221880847,0.150987338256935,-0.353416095815783,-0.00129765214016297,0.00363685212822275,-0.149563805283838,0.336709320912102
85.5985155326084,-0.00700534303509058,-0.0619809833924497,0.149095015208786,-0.351782400739677,-0.00128117173620029,0.00361841427609345,-0.14784193028852,0.335147227602176
86.1921539420481,-0.00709347038987291,-0.0615235775980504,0.147220412761954,-0.350146054563831,-0.00126484998294264,0.00359998746558338,-0.146136068749842,0.333583678916211
86.7899093219629,-0.00718019180987898,-0.0610687911888976,0.14536346850884,-0.348507252509736,-0.00124868619203911,0.00358157310818689,-0.144446159099243,0.33201884391729
87.3918102241541,-0.00726552105501271,-0.0606166105872473,0.143524117882137,-0.346866187386681,-0.00123267965974475,0.00356317259616803,-0.142772137894585,0.330452889514702
87.9978853984339,-0.0073494717089543,-0.0601670222547562,0.141702294215471,-0.345223049578511,-0.00121682966739046,0.00354478730246427,-0.141113939873594,0.328885980452182
88.6081637939989,-0.00743205718088635,-0.0597200126936222,0.139897928803642,-0.343578027031762,-0.00120113548184968,0.00352641858060115,-0.13947149800695,0.327318279297376
89.2226745608124,-0.00751329070721055,-0.0592755684477101,0.138110950962421,-0.341931305245166,-0.00118559635600184,0.00350806776461779,-0.137844743550996,0.325749946432502
89.8414470509972,-0.00759318535325542,-0.0588336761036632,0.1363412880879,-0.340283067260472,-0.00117021152919223,0.00348973616900276,-0.136233606100058,0.324181140046184
90.4645108202374,-0.00767175401497532,-0.0583943222920011,0.134588865715346,-0.338633493654574,-0.00115498022768817,0.00347142508864043,-0.134638013638339,0.322612016126427
91.0918956291901,-0.00774900942064121,-0.0579574936882035,0.132853607577551,-0.336982762532913,-0.0011399016651312,0.00345313579876725,-0.133057892591371,0.321042728454728
91.7236314449071,-0.00782496413252355,-0.0575231770137806,0.13113543566265,-0.33533104952412,-0.00112497504298516,0.00343486955493797,-0.131493167877009,0.319473428601268
92.3597484422661,-0.00789963054856765,-0.05709135903733,0.129434270271381,-0.333678527775872,-0.00111019955097998,0.00341662759300147,-0.129943762955941,0.317904265921194
93.0002770054119,-0.00797302090406193,-0.0566620265755806,0.127750030073774,-0.332025367951944,-0.00109557436755097,0.00339841112908598,-0.128409599881698,0.316335387551932
93.645247729208,-0.00804514727329936,-0.0562351664944236,0.126082632165244,-0.330371738230404,-0.00108109866027348,0.00338022135959344,-0.126890599350146,0.314766938411531
94.2946914206979,-0.00811602157123251,-0.0558107657099306,0.12443199212207,-0.328717804302951,-0.00106677158629276,0.00336205946120282,-0.125386680748448,0.313199061197999
94.9486391005764,-0.0081856555551225,-0.0553888111893585,0.122798024056245,-0.327063729375344,-0.00105259229274892,0.00334392659088217,-0.123897762203477,0.311631896389609
95.6071220046713,-0.00825406082618232,-0.0549692899521433,0.121180640669677,-0.3254096741689,-0.0010385599171968,0.00332582388590906,-0.122423760629655,0.310065582246151
96.2701715854358,-0.00832124883121475,-0.0545521890708797,0.11957975330773,-0.323755796923041,-0.00102467358802056,0.00330775246389932,-0.120964591776233,0.308500254811101
96.9378195134503,-0.00838723086424523,-0.0541374956722898,0.117995272012084,-0.322102253398845,-0.00101093242484313,0.00328971342284378,-0.11952017027396,0.306936047914686
97.6100976789355,-0.00845201806815012,-0.0537251969381788,0.116427105572903,-0.320449196883585,-0.000997335538930031,0.00327170784115278,-0.118090409681169,0.30537309317781
98.2870381932754,-0.00851562143628058,-0.0533152801063792,0.114875161580308,-0.318796778196222,-0.000983882033587787,0.00325373677770817,-0.116675222529232,0.30381152001683
98.9686733905512,-0.00857805181408245,-0.0529077324716819,0.113339346475122,-0.317145145693821,-0.000970571004556658,0.00323580127192275,-0.115274520367402,0.302251455649145
99.6550358290861,-0.00863931990071242,-0.0525025413867564,0.111819565598899,-0.315494445278864,-0.000957401540397647,0.00321790234380665,-0.113888213807022,0.300693025099576
100.346158292999,-0.00869943625065079,-0.052099694263059,0.11031572324321,-0.31384482040744,-0.000944372722873708,0.00320004099404068,-0.112516212565082,0.299136351207515
101.042073793774,-0.0087584112753113,-0.0516991785717276,0.108827722698188,-0.312196412098261,-0.000931483627325065,0.00318221820405627,-0.111158425507137,0.297581554634815
101.742815571832,-0.00881625524464796,-0.0513009818444666,0.107355466300315,-0.310549358942502,-0.000918733323038589,0.00316443493612179,-0.109814760689557,0.296028753874392
102.448417098122,-0.00887297828875967,-0.0509050916744186,0.105898855479456,-0.308903797114424,-0.000906120873611156,0.00314669213343515,-0.108485125401125,0.294478065259533
103.15891207572,-0.00892859039949249,-0.0505114957170246,0.104457790805113,-0.307259860382746,-0.000893645337306933,0.00312899072022224,-0.107169426203954,0.292929602973855
103.874334441436,-0.00898310143204014,-0.0501201816908724,0.103032172031918,-0.30561768012276,-0.000881305767408552,0.00311133160184125,-0.105867568973733,0.291383479061924
104.594718367439,-0.0090365211065428,-0.0497311373785325,0.101621898144341,-0.303977385329137,-0.000869101212562126,0.00309371566489242,-0.104579458939298,0.289839803440484
105.320098262886,-0.00908885900968467,-0.0493443506273829,0.100226867400612,-0.302339102629415,-0.00085703071711606,0.00307614377733317,-0.103305000721514,0.288298683910291
106.050508775566,-0.00914012459629046,-0.0489598093504214,0.0988469773758674,-0.30070295629814,-0.000845093321453639,0.00305861678859832,-0.10204409837147,0.286760226168513
106.785984793556,-0.00919032719092099,-0.0485775015270656,0.0974821250044942,-0.299069068271622,-0.000833288062319364,0.00304113552972522,-0.100796655407995,0.285224533821692
107.526561446888,-0.00923947598946844,-0.0481974152039414,0.0961322066216921,-0.297437558163299,-0.00082161397313901,0.00302370081348356,-0.099562574854468,0.283691708399226
108.272274109224,-0.00928758006075107,-0.0478195384956586,0.0947971180042378,-0.295808543279667,-0.000810070084333398,0.00300631343450968,-0.0983417592749516,0.282161849367357
109.023158399549,-0.00933464834810816,-0.0474438595855748,0.0934767544104559,-0.294182138636762,-0.000798655423625873,0.00298897416944518,-0.097134110809621,0.280635054143657
109.779250183872,-0.00938068967099488,-0.0470703667265466,0.0921710106193954,-0.292558456977165,-0.000787369016343476,0.00297168377707964,-0.0959395312095057,0.279111418111955
110.540585576935,-0.00942571272657775,-0.0466990482416685,0.0908797809692122,-0.290937608787506,-0.000776209885711818,0.00295444299849719,-0.0947579218705369,0.277591034637729
111.307200943943,-0.00946972609133073,-0.046329892524999,0.0896029593947575,-0.28931970231644,-0.000765177053143655,0.00293725255722688,-0.093589183866903,0.276073995083904
112.079132902301,-0.00951273822263203,-0.045962888042274,0.0883404394643739,-0.287704843593085,-0.000754269538521175,0.00292011315939647,-0.0924332179837142,0.274560388827053
112.856418323356,-0.00955475746036213,-0.0455980233316076,0.0870921144159016,-0.286093136445877,-0.00074348636047202,0.00290302549388964,-0.091289924748978,0.273050303273984
113.639094334169,-0.00959579202850302,-0.0452352870041796,0.0858578771918962,-0.284484682521843,-0.00073282653663904,0.00288599023250634,-0.0901592044648876,0.271543823878685
114.427198319278,-0.00963585003673878,-0.0448746677449104,0.0846376204740613,-0.282879581306247,-0.000722289083943825,0.00286900803012612,-0.0890409572384265,0.270041034159605
115.220767922492,-0.00967493948205799,-0.0445161543131214,0.0834312367169,-0.281277930142612,-0.000711873018844021,0.00285207952487424,-0.087935083011291,0.268542015717267
116.019841048683,-0.00971306825035777,-0.0441597355431836,0.0822386181805869,-0.279679824253074,-0.00070157735758447,0.00283520533829047,-0.0868414815891356,0.267046848252178
116.824455865599,-0.00975024411804988,-0.0438054003451514,0.0810596569630677,-0.278085356759061,-0.000691401116442206,0.00281838607550034,-0.0857600526701429,0.265555609583026
117.634650805689,-0.00978647475366898,-0.0434531377053826,0.0798942450313883,-0.276494618702267,-0.000681343311965333,0.00280162232538867,-0.084690695872925,0.264068375665146
118.450464567934,-0.00982176771948312,-0.0431029366871452,0.0787422742522603,-0.274907699065917,-0.000671402961205844,0.00278491466077529,-0.0836333107637579,0.262585220609234
119.271936119701,-0.00985613047310663,-0.0427547864312092,0.0776036364218673,-0.273324684796282,-0.000661579081946398,0.00276826363859271,-0.0825877968831561,0.261106216700299
120.099104698599,-0.00988957036911572,-0.0424086761564241,0.0764782232949175,-0.271745660824443,-0.000651870692921122,0.00275166980006569,-0.0815540537717901,0.259631434416826
120.932009814357,-0.00992209466066658,-0.0420645951602825,0.0753659266129496,-0.270170710088273,-0.00064227681403047,0.00273513367089241,-0.0805319809957552,0.258160942450144
121.77069125071,-0.00995371050111638,-0.0417225328194677,0.0742666381318977,-0.268599913554628,-0.000632796466550206,0.00271865576142726,-0.0795214781711941,0.256694807723974
122.615189067297,-0.00998442494564716,-0.0413824785903869,0.0731802496489211,-0.267033350241724,-0.000623428673334541,0.00270223656686498,-0.0785224449882814,0.255233095414151
123.46554360158,-0.0100142449528927,-0.0410444220096895,0.0721066530285083,-0.265471097241681,-0.000614172459013501,0.00268587656742611,-0.0775347812345752,0.253775868968496
124.321795470765,-0.0100431773865686,-0.0407083526947686,0.0710457402278592,-0.263913229743225,-0.000605026850184571,0.00266957622854347,-0.0765583868177425,0.252323190126831
125.183985573745,-0.010071229017105,-0.0403742603442477,0.0699974033215556,-0.262359821054523,-0.000595990875598681,0.00265333600104978,-0.0755931617876649,0.250875118941117
126.052155093052,-0.0100984065232836,-0.0400421347384513,0.0689615345255266,-0.260810942626137,-0.000587063566340583,0.00263715632136598,-0.0746390063579312,0.249431713795701
126.926345496825,-0.0101247164938766,-0.0397119657398585,0.0679380262203164,-0.259266664074087,-0.000578243956003704,0.00262103761169042,-0.0736958209267248,0.247993031427667
127.806598540793,-0.0101501654292901,-0.0393837432935404,0.0669267709736637,-0.257727053203002,-0.000569531080859516,0.00260498028018862,-0.0727635060971113,0.246559126947268
128.692956270265,-0.01017475974321,-0.0390574574275808,0.0659276615623998,-0.256192176029342,-0.000560923980021505,0.00258898472118348,-0.0718419626967359,0.245130053858425
129.585461022141,-0.0101985057642522,-0.0387330982534795,0.0649405909936749,-0.25466209680469,-0.000552421695603801,0.00257305131534595,-0.070931091796936,0.243705864079295
130.484155426934,-0.010221409737615,-0.0384106559665378,0.0639654525255211,-0.253136878039075,-0.000544023272874542,0.00255718042988595,-0.0700307947312783,0.242286607962882
131.389082410804,-0.0102434778267361,-0.0380901208462271,0.0630021396867597,-0.251616580524348,-0.000535727760404035,0.00254137241874344,-0.0691409731135266,0.24087233431768
132.300285197614,-0.0102647161149518,-0.0377714832565386,0.0620505462962638,-0.25010126335756,-0.000527534210207797,0.00252562762277954,-0.0682615288550499,0.239463090428351
133.217807310988,-0.0102851306071607,-0.037454733646315,0.0611105664815833,-0.248590983964357,-0.000519441677884534,0.00250994636996764,-0.0673923641816772,0.238058922076403
134.141692576393,-0.0103047272314896,-0.0371398625495637,0.0601820946969429,-0.247085798122368,-0.000511449222749149,0.00249432897558434,-0.0665333816500076,0.236659873560884
135.071985123233,-0.0103235118409634,-0.0368268605857506,0.0592650257406219,-0.245585759984578,-0.00050355590796084,0.0024787757424002,-0.0656844841631845,0.235265987719063
136.008729386957,-0.0103414902151781,-0.0365157184600748,0.0583592547717241,-0.244090922102664,-0.000495760800646363,0.00246328696087007,-0.0648455749861416,0.233877305947093
136.951970111177,-0.0103586680619761,-0.0362064269637239,0.0574646773263504,-0.242601335450304,-0.000488062972018558,0.00244786290932311,-0.0640165577603283,0.232493868220652
137.901752349813,-0.0103750510191258,-0.0358989769741088,0.056581189333179,-0.241117049446427,-0.000480461497490172,0.00243250385415222,-0.0631973365179241,0.231115713115546
138.858121469236,-0.0103906446560032,-0.0355933594550789,0.0557086871284676,-0.239638111978402,-0.000472955456783109,0.00241721005000296,-0.0623878156955499,0.229742877828266
139.821123150444,-0.010405454475276,-0.035289565457116,0.0548470674704841,-0.238164569425165,-0.000465543934033138,0.0024019817399617,-0.0615879001474841,0.228375398196499
140.790803391236,-0.0104194859145916,-0.0349875861175077,0.0539962275533761,-0.236696466680252,-0.000458226017890169,0.00238681915574316,-0.0607974951583929,0.227013308719571
141.767208508414,-0.0104327443482663,-0.034687412660499,0.0531560650204899,-0.235233847174753,-0.000451000801614151,0.002371722517877,-0.060016506455582,0.225656642578824
142.750385139995,-0.0104452350889776,-0.0343890363974235,0.0523264779771485,-0.233776752900166,-0.0004438673831667,0.00235669203589358,-0.0592448402207802,0.224305431657916
143.740380247435,-0.0104569633894581,-0.0340924487268106,0.0515073650028973,-0.232325224431135,-0.000436824865298503,0.00234172790850881,-0.0584824031014612,0.222959706563043
144.737241117876,-0.0104679344441919,-0.0337976411344723,0.0506986251632285,-0.230879300948085,-0.0004298723556326,0.00232683032380784,-0.0577291022217129,0.221619496643059
145.741015366405,-0.0104781533911122,-0.0335046051935666,0.0499001580207942,-0.229439020259725,-0.000423008966743618,0.00231199945942782,-0.056984845192664,0.220284830009513
146.751750938323,-0.0104876253133011,-0.0332133325646371,0.0491118636461162,-0.228004418825419,-0.000416233816233029,0.00229723548273937,-0.0562495401224742,0.218955733556567
147.769496111443,-0.0104963552406897,-0.032923814995631,0.0483336426278051,-0.226575531777425,-0.000409546026800518,0.00228253855102693,-0.0555230956258977,0.217632232980822
148.794299498388,-0.0105043481517603,-0.0326360443218915,0.0475653960822958,-0.225152392942981,-0.000402944726311542,0.0022679088116678,-0.0548054208334284,0.216314352801013
149.826210048919,-0.0105116089752481,-0.0323500124661278,0.0468070256631109,-0.223735034866248,-0.000396429047861145,0.00225334640230991,-0.054096425400035,0.21500211637759
150.865277052271,-0.0105181425918449,-0.0320657114383596,0.0460584335696614,-0.222323488830079,-0.000389998129834133,0.00223885145104814,-0.0533960195134942,0.213695545932176
151.911550139505,-0.0105239538359012,-0.0317831333358375,0.0453195225555939,-0.220917784877644,-0.000383651115961653,0.0022244240765993,-0.0527041139023303,0.212394662566887
152.965079285884,-0.0105290474971296,-0.0315022703429382,0.0445901959366944,-0.219517951833863,-0.000377387155374292,0.00221006438847563,-0.0520206198433705,0.21109948628352
154.025914813254,-0.0105334283223066,-0.031223114731034,0.0438703575983585,-0.218124017326679,-0.000371205402651737,0.00219577248715673,-0.051345449168922,0.209810036002601
155.094107392451,-0.0105371010169742,-0.0309456588583372,0.0431599120026374,-0.216736007808141,-0.000365105017869109,0.00218154846426002,-0.0506785142735811,0.208526329582285
156.169708045722,-0.0105400702471398,-0.0306698951697181,0.0424587641948685,-0.215353948575302,-0.000359085166640014,0.00216739240270958,-0.0500197281206818,0.207248383837109
157.25276814916,-0.0105423406409747,-0.030395816196497,0.0417668198099024,-0.213977863790931,-0.000353145020156415,0.00215330437690333,-0.0493690042483911,0.205976214556596
158.34333943516,-0.0105439167905104,-0.0301234145562086,0.0410839850779326,-0.212607776504016,-0.000347283755225386,0.00213928445287858,-0.04872625677546,0.204709836523694
159.441473994887,-0.0105448032533324,-0.029852682952341,0.0404101668299396,-0.211243708670085,-0.000341500554302829,0.0021253326884759,-0.0480914004066375,0.203449263533064
160.547224280766,-0.0105450045542708,-0.0295836141740462,0.039745272502758,-0.209885681171307,-0.000335794605524225,0.0021114491335012,-0.0474643504377562,0.202194508409201
161.66064310899,-0.0105445251870883,-0.0293162010958232,0.0390892101437755,-0.208533713836398,-0.000330165102732503,0.00209763382988614,-0.0468450227604959,0.200945583024389
162.781783662036,-0.0105433696161631,-0.0290504366771742,0.0384418884152737,-0.207187825460303,-0.000324611245503088,0.00208388681184664,-0.0462333338668342,0.199702498316489
163.910699491214,-0.0105415422781687,-0.0287863139622318,0.0378032165984187,-0.205848033823674,-0.000319132239166209,0.00207020810603966,-0.0456292008531907,0.198465264306555
165.047444519217,-0.0105390475837474,-0.0285238260793577,0.037173104596912,-0.204514355712126,-0.000313727294826548,0.00205659773171817,-0.0450325414242734,0.197233890116275
166.192073042701,-0.0105358899191797,-0.028262966240714,0.0365514629403091,-0.203186806935273,-0.000308395629380279,0.00204305570088413,-0.0444432738966332,0.196008383985242
167.344639734876,-0.0105320736480467,-0.0280037277418041,0.0359382027870158,-0.20186540234554,-0.000303136465529595,0.00202958201843974,-0.0438613172019354,0.194788753288035
168.505199648122,-0.0105276031128865,-0.0277461039609862,0.0353332359269703,-0.200550155856749,-0.000297949031794775,0.0020161766823367,-0.0432865908899541,0.193575004551137
169.673808216612,-0.0105224826368432,-0.0274900883589558,0.03473647478402,-0.19924108046248,-0.000292832562523871,0.00200283968372358,-0.0427190151312977,0.192367143469655
170.850521258965,-0.0105167165253083,-0.0272356744781999,0.034147832418002,-0.197938188254199,-0.000287786297900079,0.00198957100709123,-0.0421585107198716,0.191165174923869
172.03539498091,-0.0105103090675532,-0.0269828559424214,0.0335672225265345,-0.196641490439154,-0.000282809483946866,0.00197637063041632,-0.0416049990750862,0.189969102995593
173.228485977972,-0.0105032645383538,-0.0267316264559331,0.0329945594465296,-0.195350997358043,-0.000277901372530924,0.00196323852530283,-0.0410584022438156,0.188778930984344
174.429851238172,-0.0104955871996044,-0.0264819798030223,0.0324297581554336,-0.194066718502438,-0.00027306122136301,0.00195017465712163,-0.0405186429021148,0.187594661423338
175.639548144754,-0.0104872813019215,-0.0262339098472847,0.0318727342722043,-0.192788662531979,-0.000268288293996743,0.00193717898514804,-0.0399856443567023,0.186416296095281
176.857634478922,-0.010478351086237,-0.0259874105309287,0.0313234040580337,-0.19151683729133,-0.000263581859825425,0.00192425146269741,-0.0394593305462131,0.185243836047991
178.084168422602,-0.0104688007853795,-0.0257424758740487,0.0307816844168224,-0.190251249826895,-0.000258941194076956,0.00191139203725876,-0.0389396260422306,0.184077281609812
179.319208561219,-0.0104586346256428,-0.0254990999738686,0.0302474928954161,-0.188991906403295,-0.000254365577806886,0.00189860065062631,-0.0384264560501018,0.182916632404851
180.562813886497,-0.0104478568283418,-0.0252572770039538,0.0297207476836098,-0.187738812519605,-0.000249854297889701,0.00188587723902911,-0.0379197464095439,0.18176188736802
181.815043799277,-0.0104364716113546,-0.025017001213394,0.0292013676139286,-0.186491972925351,-0.000245406647008372,0.00187322173325857,-0.0374194235950468,0.180613044759889
183.075958112354,-0.010424483190649,-0.0247782669259539,0.0286892721611925,-0.185251391636265,-0.000241021923642251,0.00186063405879405,-0.0369254147160785,0.179470102181346
184.345617053333,-0.0104118957817949,-0.0245410685391948,0.0281843814418724,-0.184017071949802,-0.000236699432053366,0.00184811413592641,-0.036437647517099,0.178333056588068
185.624081267505,-0.0103987136014598,-0.0243054005235644,0.0276866162132457,-0.182789016460414,-0.000232438482271179,0.00183566187987951,-0.0359560503773891,0.177201904304804
186.911411820748,-0.0103849408688871,-0.0240712574214567,0.0271958978723567,-0.181567227074578,-0.000228238390075863,0.00182327720092975,-0.0354805523106989,0.176076641039458
188.207670202438,-0.0103705818073576,-0.0238386338462416,0.026712148454792,-0.180351705025594,-0.000224098476980151,0.0018109600045236,-0.0350110829647221,0.174957261896994
189.512918328392,-0.0103556406456315,-0.0236075244812634,0.0262352906332751,-0.179142450888132,-0.000220018070209837,0.00179871019139308,-0.0345475726204017,0.173843761393142
190.827218543819,-0.0103401216193715,-0.0233779240788098,0.0257652477160891,-0.177939464592548,-0.000215996502682952,0.00178652765766927,-0.0340899521910729,0.172736133467917
192.150633626303,-0.0103240289725453,-0.0231498274590506,0.0253019436453336,-0.17674274543895,-0.000212033112987705,0.00177441229499382,-0.0336381532214476,0.171634371498946
193.483226788801,-0.0103073669588078,-0.0229232295089461,0.024845302995023,-0.175552292111036,-0.000208127245359214,0.00176236399062848,-0.033192107886446,0.170538468314614
194.82506168266,-0.0102901398428607,-0.0226981251811261,0.0243952509690316,-0.174368102689684,-0.000204278249655105,0.00175038262756264,-0.0327517489898815,0.169448416207012
196.176202400658,-0.0102723519017894,-0.0224745094927395,0.0239517133988946,-0.173190174666317,-0.000200485481330023,0.00173846808461888,-0.0323170099630024,0.168364206944704
197.536713480066,-0.0102540074263769,-0.0222523775242743,0.0235146167414688,-0.17201850495602,-0.000196748301409097,0.00172662023655658,-0.0318878248628958,0.167285831785306
198.906659905733,-0.010235110722393,-0.0220317244183488,0.0230838880764608,-0.170853089910427,-0.000193066076460432,0.00171483895417358,-0.0314641283707594,0.166213281487876
200.286107113184,-0.0102156661118575,-0.0218125453784741,0.0226594551038286,-0.169693925330377,-0.000189438178566663,0.00170312410440586,-0.0310458557900449,0.165146546325124
201.675120991751,-0.0101956779342787,-0.0215948356677886,0.022241246141063,-0.168541006478337,-0.000185863985295624,0.00169147555042535,-0.0306329430444775,0.164085616095436
203.073767887718,-0.0101751505478632,-0.0213785906077638,0.0218291901203541,-0.167394328090586,-0.000182342879670186,0.00167989315173577,-0.0302253266759573,0.163030480134713
204.482114607491,-0.0101540883306993,-0.0211638055768835,0.0214232165856499,-0.166253884389185,-0.000178874250137304,0.00166837676426659,-0.0298229438423459,0.161981127328033
205.900228420788,-0.0101324956819109,-0.0209504760092949,0.0210232556896117,-0.165119669093704,-0.00017545749053633,0.00165692624046508,-0.0294257323151421,0.160937546121124
207.32817706385,-0.0101103770227818,-0.0207385973934342,0.0206292381904726,-0.163991675432733,-0.000172092000066628,0.00164554142938655,-0.0290336304770532,0.15989972453167
208.766028742684,-0.0100877367978496,-0.0205281652706248,0.0202410954488052,-0.162869896155164,-0.000168777183254546,0.00163422217678261,-0.0286465773194632,0.158867650160425
210.213852136311,-0.0100645794759687,-0.0203191752336512,0.0198587594242022,-0.161754323541258,-0.000165512449919785,0.00162296832518774,-0.0282645124398041,0.157841310202163
211.671716400053,-0.0100409095513407,-0.0201116229253066,0.0194821626718778,-0.160644949413479,-0.000162297215141205,0.00161177971400388,-0.027887376038833,0.156820691456439
213.139691168835,-0.0100167315445118,-0.0199055040369169,0.019111238339193,-0.159541765147124,-0.000159130899222117,0.00160065617958335,-0.0275151089178194,0.15580578033819
214.617846560511,-0.00999205000333678,-0.019700814306841,0.0187459201621108,-0.158444761680725,-0.000156012927655106,0.00158959755530989,-0.027147652475647,0.15479656288815
216.10625317921,-0.00996686950390813,-0.0194975495189469,0.0183861424615868,-0.15735392952625,-0.000152942731086412,0.00157860367167797,-0.0267849487058324,0.153793024783103
217.604982118714,-0.0099411946514495,-0.0192957055010665,0.0180318401398995,-0.156269258779078,-0.000149919745279923,0.00156767435637033,-0.0264269401934653,0.152795151345962
219.114104965849,-0.00991503008117338,-0.019095278123428,0.0176829486769247,-0.155190739127777,-0.000146943411080816,0.00155680943433383,-0.0260735701120736,0.151802927555678
220.633693803907,-0.00988838045910145,-0.0188962632970677,0.0173394041263604,-0.154118359863668,-0.000144013174378876,0.00154600872785353,-0.0257247822204163,0.150816338056988
222.163821216089,-0.00986125048284728,-0.0186986569722212,0.0170011431119049,-0.153052109890189,-0.000141128486071547,0.00153527205662513,-0.0253805208592088,0.14983536716999
223.704560288971,-0.00983364488236044,-0.018502455136696,0.0166681028233937,-0.151991977732057,-0.000138288802026731,0.00152459923782574,-0.0250407309477817,0.14885999889956
225.255984615994,-0.00980556842063141,-0.0183076538142243,0.0163402210128994,-0.150937951544228,-0.00013549358304539,0.001513990086183,-0.0247053579806791,0.147890216944604
226.818168300982,-0.00977702589435646,-0.0181142490627999,0.0160174359907984,-0.149890019120659,-0.00013274229482397,0.00150344441404256,-0.0243743480241966,0.146926004707154
228.391185961678,-0.0097480221345619,-0.0179222369729967,0.0156996866218099,-0.148848167902889,-0.000130034407916696,0.00149296203143399,-0.0240476477128648,0.145967345301295
229.975112733314,-0.00971856200718698,-0.0177316136662732,0.0153869123210091,-0.147812384988411,-0.000127369397697757,0.00148254274613513,-0.0237252042458786,0.145014221561946
231.570024272191,-0.00968865041362484,-0.0175423752932603,0.0150790530498206,-0.146782657138868,-0.000124746744323416,0.00147218636373484,-0.0234069653834777,0.144066616053479
233.175996759301,-0.00965829229122082,-0.0173545180320376,0.0147760493119949,-0.145758970788063,-0.000122165932694091,0.00146189268769428,-0.0230928794432789,0.143124511078189
234.793106903962,-0.00962749261372753,-0.0171680380863947,0.0144778421495718,-0.14474131204978,-0.000119626452416411,0.00145166151940666,-0.0227828952965647,0.142187888684603
236.421431947482,-0.0095962563917163,-0.0169829316840829,0.0141843731388339,-0.143729666725435,-0.000117127797765302,0.00144149265825553,-0.0224769623645292,0.14125673067565
238.061049666849,-0.00956458867294418,-0.016799195075055,0.0138955843862551,-0.142724020311541,-0.000114669467646113,0.00143138590167161,-0.0221750306144859,0.140331018616671
239.712038378445,-0.00953249454267617,-0.0166168245296963,0.0136114185244458,-0.141724358007007,-0.000112250965556819,0.00142134104518823,-0.0218770505560375,0.139410733843293
241.374476941791,-0.00949997912396218,-0.0164358163370473,0.0133318187080993,-0.140730664720265,-0.000109871799550322,0.00141135788249531,-0.0215829732372125,0.138495857469152
243.048444763306,-0.00946704757786827,-0.0162561668030195,0.0130567286099417,-0.139742925076228,-0.000107531482196889,0.00140143620549206,-0.0212927502405688,0.13758637039347
244.734021800108,-0.00943370510366162,-0.0160778722486046,0.0127860924166895,-0.138761123423084,-0.000105229530546723,0.00139157580433825,-0.0210063336792692,0.136682253308493
246.431288563827,-0.00939995693894916,-0.0159009290080802,0.0125198548250163,-0.137785243838933,-0.000102965466092728,0.00138177646750425,-0.0207236761931275,0.135783486706794
248.140326124455,-0.00936580835976921,-0.0157253334272109,0.0122579610375333,-0.136815270138264,-0.00010073881473346,0.00137203798181968,-0.0204447309446314,0.13489005088843
249.861216114214,-0.00933126468063598,-0.0155510818614484,0.0120003567587846,-0.135851185878273,-9.85491067362984e-05,0.00136236013252094,-0.0201694516149411,0.134001925967967
251.594040731461,-0.00929633125453667,-0.0153781706741301,0.0117469881912608,-0.13489297436504,-9.63958767008684e-05,0.00135274270329734,-0.019897792399867,0.133119091881367
253.338882744608,-0.00926101347288089,-0.015206596234678,0.0114978020314338,-0.133940618659548,-9.4278663522712e-05,0.00134318547633619,-0.0196297080058289,0.13224152839275
255.09582549608,-0.00922531676540231,-0.0150363549168,0.0112527454658145,-0.132994101583565,-9.21970103572466e-05,0.0013336882323666,-0.0193651536457978,0.131369215101011
256.864952906292,-0.00918924660001223,-0.0148674430966941,0.0110117661670353,-0.132053405725378,-9.01504645840202e-05,0.00132425075070217,-0.0191040850352219,0.130502131446324
258.646349477661,-0.0091528084826052,-0.0146998571512568,0.0107748122899616,-0.131118513445396,-8.81385777712832e-05,0.0013148728092826,-0.0188464583879404,0.129640256716504
260.440100298641,-0.00911600795681644,-0.0145335934562975,0.0105418324678314,-0.130189406881612,-8.61609056408914e-05,0.0013055541847141,-0.0185922304120846,0.128783570053255
262.246291047787,-0.00907885060373115,-0.0143686483847605,0.0103127758084282,-0.129266067954935,-8.42170080335589e-05,0.0012962946523089,-0.0183413583059694,0.127932050458283
264.065007997846,-0.00904134204154574,-0.0142050183049553,0.0100875918902862,-0.1283484783744,-8.23064488744726e-05,0.00128709398612354,-0.0180937997539766,0.127085676799297
265.896338019882,-0.00900348792518102,-0.0140426995787964,0.00986623075893176,-0.127436619642241,-8.04287961392827e-05,0.00127795195899632,-0.0178495129224315,0.126244427815879
267.740368587419,-0.00896529394584752,-0.0138816885600555,0.00964864292316133,-0.126530473058857,-7.85836218204843e-05,0.00126886834258369,-0.017608456455474,0.125408282125246
269.597187780627,-0.0089267658305631,-0.0137219815926261,0.00943477935135822,-0.125630019727647,-7.67705018941993e-05,0.00125984290739565,-0.0173705894709267,0.124577218227885
271.466884290521,-0.00888790934162307,-0.0135635750088018,0.00922459146784935,-0.124735240559737,-7.49890162873705e-05,0.00125087542283035,-0.01713587155616,0.123751214513079
273.349547423206,-0.00884873027602304,-0.0134064651275707,0.0090180311493034,-0.123846116278597,-7.32387488453797e-05,0.00124196565720769,-0.0169042627639569,0.122930249264318
275.245267104134,-0.00880923446483502,-0.0132506482529274,0.00881505072117166,-0.122962627424542,-7.15192873000972e-05,0.00123311337780212,-0.0166757236083786,0.122114300664593
277.154133882404,-0.00876942777253679,-0.0130961206722019,0.00861560295417249,-0.122084754359134,-6.98302232383711e-05,0.00122431835087454,-0.0164502150606307,0.121303346801587
279.07623893509,-0.0087293160962953,-0.0129428786544099,0.00841964106082091,-0.121212477269484,-6.81711520709675e-05,0.00121558034170349,-0.0162276985449343,0.120497365672753
281.011674071587,-0.00868890536520439,-0.0127909184486235,0.00822711869200377,-0.120345776172448,-6.6541673001963e-05,0.00120689911461543,-0.0160081359343999,0.119696335190286
282.960531738006,-0.00864820153947734,-0.0126402362823645,0.00803798993360157,-0.119484630918735,-6.49413889986002e-05,0.00119827443301441,-0.0157914895469077,0.118900233185986
284.922905021585,-0.00860721060959486,-0.0124908283600218,0.0078522093031578,-0.118629021196916,-6.33699067616083e-05,0.0011897060594109,-0.0155777221409938,0.118109037416028
286.898887655133,-0.00856593859540915,-0.0123426908612946,0.00766973174659621,-0.117778926537353,-6.18268366959954e-05,0.00118119375544997,-0.0153667969117449,0.117322725565613
288.888574021513,-0.00852439154520461,-0.0121958199396611,0.00749051263498677,-0.116934326316033,-6.03117928823136e-05,0.00117273728193879,-0.0151586774867011,0.116541275253535
290.892059158146,-0.00848257553471602,-0.0120502117208765,0.00731450776136068,-0.116095199758325,-5.88243930484023e-05,0.00116433639887351,-0.0149533279217688,0.115764664036637
292.909438761552,-0.00844049666610481,-0.0119058623014998,0.00714167333757487,-0.115261525942653,-5.73642585416091e-05,0.00115599086546548,-0.0147507126971443,0.11499286941418
294.940809191919,-0.00839816106689433,-0.0117627677474504,0.00697196599122622,-0.114433283804098,-5.59310143014914e-05,0.00114770044016688,-0.014550796713249,0.114225868832103
296.986267477709,-0.00835557488886498,-0.0116209240925983,0.00680534276261572,-0.113610452137923,-5.4524288832998e-05,0.00113946488069585,-0.014353545286677,0.113463639687203
299.045911320291,-0.00831274430690994,-0.0114803273373856,0.0066417611017628,-0.112793009603023,-5.31437141801309e-05,0.00113128394406097,-0.0141589241461566,0.112706159331212
301.119839098607,-0.00826967551785268,-0.0113409734474837,0.00648117886546954,-0.111980934725319,-5.17889259000862e-05,0.00112315738658532,-0.0139668994285257,0.111953405074786
303.208149873869,-0.008226374739227,-0.0112028583524851,0.00632355431443516,-0.111174205901073,-5.04595630378717e-05,0.00111508496392999,-0.0137774376747221,0.111205354191408
305.310943394298,-0.00818284820802079,-0.0110659779446322,0.00616884611042016,-0.110372801400152,-4.91552681013998e-05,0.00110706643111716,-0.0135905058257901,0.110461983921196
307.428320099879,-0.00813910217938453,-0.0109303280775844,0.00601701331346037,-0.109576699369226,-4.7875687037052e-05,0.00109910154255268,-0.0134060712189032,0.109723271474629
309.560381127168,-0.00809514292530556,-0.0107959045652229,0.00586801537913017,-0.108785877834913,-4.6620469205711e-05,0.00109119005204831,-0.0132241015834042,0.108989194036186
311.707228314113,-0.00805097673324951,-0.0106627031804968,0.00572181215585486,-0.108000314706869,-4.53892673592562e-05,0.00108333171284346,-0.0130445650368631,0.108259728767903
313.868964204927,-0.00800660990476971,-0.010530719654309,0.00557836388227153,-0.107219987780825,-4.41817376175176e-05,0.00107552627762666,-0.0128674300811537,0.107534852812844
316.045692054981,-0.0079620487540862,-0.0103999496744448,0.00543763118463804,-0.106444874741579,-4.29975394456824e-05,0.00106777349855662,-0.0126926655985495,0.106814543298497
318.237515835737,-0.00791729960663534,-0.0102703888845431,0.00529957507428937,-0.105674953165939,-4.18363356321482e-05,0.00106007312728292,-0.0125202408478383,0.10609877734008
320.444540239715,-0.00787236879759141,-0.0101420328831117,0.00516415694514091,-0.104910200525621,-4.0697792266815e-05,0.00105242491496648,-0.0123501254604588,0.105387532043784
322.666870685493,-0.00782726267036152,-0.0100148772225864,0.00503133857123778,-0.104150594190108,-3.95815787198106e-05,0.00104482861229965,-0.012182289436656,0.104680784509923
324.904613322743,-0.00778198757505524,-0.00988891740843659,0.00490108210434946,-0.10339611142947,-3.84873676206392e-05,0.00103728396952611,-0.0120167031416599,0.103978511836021
327.1578750373,-0.00773654986693027,-0.0097641488983166,0.00477335007160903,-0.102646729417148,-3.74148348377467e-05,0.0010297907364604,-0.0118533373018842,0.103280691119819
329.426763456268,-0.00769095590481563,-0.00964056710126377,0.00464810537319588,-0.101902425232697,-3.63636594584929e-05,0.00102234866250737,-0.0116921630011483,0.102587299462207
331.711386953162,-0.00764521204951376,-0.00951816737694456,0.00452531128006118,-0.101163175864504,-3.53335237695212e-05,0.00101495749668126,-0.0115331516769216,0.101898313970093
334.011854653082,-0.00759932466218309,-0.00939694503494863,0.00440493143169499,-0.100428958212474,-3.43241132375167e-05,0.0010076169876247,-0.0113762751165909,0.101213711759193
336.328276437929,-0.00755330010270246,-0.00927689533413183,0.00428692983393395,-0.0996997490906807,-3.33351164903417e-05,0.00100032688362744,-0.0112215054537511,0.100533469956756
338.660762951648,-0.00750714472801904,-0.00915801348200848,0.00417127085680863,-0.098975525230003,-3.23662252985393e-05,0.000993086932645001,-0.0110688151645198,0.0998575657042198
341.009425605519,-0.00746086489048119,-0.00904029463419347,0.0040579192324291,-0.0982562632807239,-3.14171345571924e-05,0.000985896882317048,-0.0109181770638758,0.0991859761598045
343.374376583475,-0.00741446693615776,-0.00892373389389453,0.00394684005290797,-0.0975419398151144,-3.04875422681285e-05,0.000978756479985775,-0.0107695643020225,0.0985186785010334
345.75572884746,-0.00736795720314562,-0.00880832631145513,0.00383799876831917,-0.0968325313299937,-2.95771495224579e-05,0.000971665472714055,-0.0106229503607756,0.0978556499271964
348.153596142828,-0.00732134201986671,-0.00869406688394822,0.00373136118469178,-0.0961280142492692,-2.86856604834341e-05,0.000964623607303538,-0.0104783090499757,0.0971968676617466
350.568093003772,-0.00727462770335641,-0.00858095055482108,0.00362689346203719,-0.0954283649264597,-2.78127823696228e-05,0.000957630630312628,-0.0103356145039269,0.0965423089546375
352.999334758797,-0.00722782055754475,-0.00846897221359156,0.00352456211240851,-0.0947335596472003,-2.69582254383695e-05,0.000950686288074393,-0.01019484117786,0.0958919510845981
355.44743753623,-0.00718092687153201,-0.00835812669559569,0.00342433399799086,-0.0940435746317335,-2.61217029695507e-05,0.000943790326714386,-0.0100559638444219,0.0952457713613489
357.912518269762,-0.00713395291786046,-0.00824840878178696,0.00332617632922117,-0.0933583860373854,-2.53029312495979e-05,0.000936942492168423,-0.00991895759019089,0.0946037471277605
360.39469470404,-0.00708690495078366,-0.0081398131985871,0.00323005666293608,-0.0926779699610294,-2.45016295557803e-05,0.000930142530200295,-0.00978379781221806,0.0939658557619532
362.894085400285,-0.0070397892045351,-0.00803233461778843,0.00313594290054666,-0.0920023024415389,-2.37175201407338e-05,0.00092339018641945,-0.00965046021459496,0.0933320746793423
365.410809741959,-0.00699261189159766,-0.00792596765650771,0.00304380328623842,-0.0913313594622292,-2.29503282172227e-05,0.000916685206298633,-0.0095189208050477,0.0927023813346273
367.944987940466,-0.00694537920097559,-0.0078207068771913,0.00295360640519519,-0.0906651169532892,-2.21997819431207e-05,0.00091002733519151,-0.00938915589155765,0.0920767532237268
370.496741040893,-0.00689809729647043,-0.00771654678767148,0.00286532118184566,-0.0900035507942066,-2.14656124065991e-05,0.000903416318350272,-0.0092611420790089,0.0914551678856617
373.066190927794,-0.00685077231496276,-0.00761348184127369,0.00277891687813078,-0.0893466368161837,-2.07475536115074e-05,0.000896851900943233,-0.00913485626586256,0.0908376029043851
375.653460331008,-0.00680341036470093,-0.00751150643697427,0.00269436309179091,-0.0886943508045472,-2.00453424629325e-05,0.000890333828072417,-0.00901027564085788,0.0902240359105618
378.258672831527,-0.00675601752359877,-0.00741061491960858,0.00261162975467112,-0.0880466685011524,-1.93587187529269e-05,0.000883861844791162,-0.0088873776797406,0.0896144445832979
380.881952867393,-0.00670859983754343,-0.00731080158012884,0.0025306871310432,-0.0874035656067812,-1.86874251463864e-05,0.000877435696121717,-0.00876614014201823,0.0890088066518216
383.523425739646,-0.00666116331871518,-0.00721206065591135,0.00245150581594303,-0.0867650177835362,-1.80312071670697e-05,0.000871055127072864,-0.00864654106774251,0.0884070998971152
386.183217618305,-0.00661371394392045,-0.00711438633111262,0.00237405673352183,-0.0861310006572301,-1.73898131837438e-05,0.000864719882657549,-0.00852855877431925,0.087809302153501
388.861455548399,-0.00656625765293973,-0.0070177727370737,0.00229831113540976,-0.0855014898197711,-1.67629943964418e-05,0.000858429707910532,-0.00841217185334515,0.0872153913101798
391.558267456034,-0.00651880034689174,-0.00692221395277227,0.00222424059909077,-0.0848764608315457,-1.61505048228224e-05,0.000852184347906069,-0.00829735916747216,0.0866253453127257
394.273782154498,-0.00647134788661525,-0.00682770400532172,0.00215181702628699,-0.0842558892237984,-1.55521012846159e-05,0.000845983547775609,-0.00818409984729903,0.0860391421645356
397.008129350424,-0.00642390609107011,-0.00673423687051645,0.00208101264135137,-0.0836397505010076,-1.49675433941448e-05,0.000839827052725519,-0.00807237328829016,0.0854567599282348
399.761439649975,-0.00637648073575859,-0.0066418064734228,0.00201179998966742,-0.08302802014326,-1.4396593540907e-05,0.000833714608054845,-0.00796215914772178,0.0848781767270414
402.533844565089,-0.00632907755116876,-0.00655040668901468,0.00194415193605436,-0.0824206736086226,-1.3839016878209e-05,0.000827645959173083,-0.00785343734165549,0.0843033707460874
405.325476519761,-0.00628170222124079,-0.00646003134285312,0.00187804166317662,-0.0818176863355112,-1.32945813098362e-05,0.000821620851617999,-0.00774618804193897,0.0837323202337002
408.136468856361,-0.00623436038185784,-0.00637067421180875,0.00181344266995642,-0.0812190337450584,-1.27630574767497e-05,0.000815639031073461,-0.00764039167323405,0.0831650035026436
410.966955842014,-0.00618705761936245,-0.00628232902482644,0.0017503287699879,-0.080624691243477,-1.22442187437968e-05,0.000809700243387298,-0.00753602891007195,0.0826013989313188
413.817072675003,-0.00613979946909992,-0.00619498946373101,0.00168867408995187,-0.0800346342244232,-1.17378411864249e-05,0.000803804234589198,-0.00743308067393569,0.0820414849649281
416.686955491232,-0.00609259141398963,-0.006108649164073,0.00162845306802981,-0.0794488380713558,-1.12437035773872e-05,0.000797950750908605,-0.00733152813036962,0.0814852401166004
419.576741370729,-0.00604543888312549,-0.00602330171601355,0.00156964045231599,-0.0788672781598926,-1.07615873734289e-05,0.000792139538792659,-0.00723135268611611,0.0809326429684796
422.486568344193,-0.00599834725040672,-0.00593894066524725,0.00151221129922652,-0.0782899298601649,-1.02912767019444e-05,0.00078637034492414,-0.00713253598627906,0.0803836721727774
425.416575399583,-0.00595132183319979,-0.0058555595139618,0.00145614097190433,-0.077716768539167,-9.832558347595e-06,0.000780642916239427,-0.00703505991151449,0.07983830645279
428.366902488763,-0.00590436789103271,-0.00577315172183349,0.00140140513861892,-0.0771477695631035,-9.38522173887691e-06,0.00077495699994647,-0.00693890657524794,0.079296524603881
431.337690534184,-0.0058574906243225,-0.00569171070705717,0.00134797977115988,-0.076582908299732,-8.94905893463055e-06,0.00076931234354277,-0.00684405832091858,0.0787583054944296
434.329081435613,-0.00581069517313681,-0.00561122984740962,0.0012958411432232,-0.0760221601207009,-8.52386461048215e-06,0.000763708694833355,-0.00675049771925006,0.0782236280667459
437.341218076915,-0.00576398661599057,-0.00553170248134503,0.0012449658287894,-0.075465500403883,-8.10943604520802e-06,0.000758145801948757,-0.00665820756554787,0.0776924713379538
440.374244332875,-0.00571736996867838,-0.00545312190912142,0.00119533070049257,-0.0749129045357032,-7.70557310701461e-06,0.000752623413362978,-0.00656717087702324,0.077164814400842
443.428305076071,-0.00567085018314359,-0.00537548139395668,0.00114691292797945,-0.0743643479134603,-7.3120782397247e-06,0.000747141277911447,-0.00647737089014339,0.0766406364246833
446.503546183793,-0.00562443214638456,-0.00529877416321294,0.0010996899762578,-0.0738198059476426,-6.92875644886372e-06,0.000741699144808952,-0.00638879105800795,0.0761199166560243
449.600114545014,-0.00557812067939903,-0.00522299340960799,0.00105363960403307,-0.0732792540642355,-6.55541528763767e-06,0.000736296763667547,-0.00630141504775168,0.0756026344194443
452.718158067401,-0.00553192053616697,-0.00514813229245247,0.00100873986203295,-0.0727426677070226,-6.19186484279695e-06,0.000730933884514435,-0.00621522673797302,0.0750887691182856
455.857825684385,-0.00548583640267272,-0.00507418393891141,0.000964969091318722,-0.0722100223398774,-5.83791772037871e-06,0.000725610257809803,-0.00613021021618872,0.0745783002353553
459.01926736227,-0.00543987289596677,-0.00500114144528885,0.000922305921583172,-0.0716812934490461,-5.49338903132289e-06,0.000720325634464619,-0.00604634977631405,0.0740712073335982
462.202634107401,-0.00539403456326772,-0.00492899787833418,0.000880729269434093,-0.0711564565454211,-5.15809637695513e-06,0.000715079765858375,-0.00596362991616881,0.0735674700567432
465.408077973374,-0.00534832588110493,-0.00485774627656876,0.000840218336663074,-0.0706354871668035,-4.83185983433251e-06,0.000709872403856773,-0.00588203533500871,0.0730670681299228
468.635752068297,-0.005302751254502,-0.00478737965163161,0.000800752608498929,-0.0701183608801544,-4.5145019414468e-06,0.00070470330082934,-0.00580155093108217,0.0725699813602656
471.885810562108,-0.00525731501620182,-0.00471789098964267,0.000762311851845371,-0.0696050532838344,-4.2058476822811e-06,0.000699572209666982,-0.00572216179921231,0.0720761896374644
475.158408693936,-0.00521202142593292,-0.00464927325258226,0.000724876113502432,-0.0690955400098304,-3.90572447171568e-06,0.000694478883799443,-0.00564385322840399,0.0715856729343177
478.453702779515,-0.00516687466971794,-0.00458151937968549,0.000688425718371382,-0.0685897967259688,-3.61396214028041e-06,0.000689423077212688,-0.00556661069947581,0.0710984113072484
481.771850218653,-0.00512187885922389,-0.00451462228885013,0.000652941267642634,-0.0680877991381142,-3.3303929187495e-06,0.000684404544466184,-0.00549041988271687,0.0706143848967967
485.113009502749,-0.00507703803115476,-0.0044485748780566,0.000618403636966555,-0.067589522992353,-3.05485142257697e-06,0.000679423040710082,-0.00541526663556807,0.070133573928091
488.477340222363,-0.00503235614668617,-0.00438337002679878,0.000584793974606772,-0.0670949440771617,-2.78717463617003e-06,0.000674478321702286,-0.00534113700032798,0.0696559587112948
491.865003074839,-0.00498783709094252,-0.00431900059752423,0.000552093699575876,-0.066604038225558,-2.52720189699855e-06,0.000669570143825402,-0.00526801720188293,0.0691815196420316
495.276159871982,-0.00494348467251625,-0.00425545943708247,0.000520284499753347,-0.0661167813172338,-2.27477487953971e-06,0.000664698264103568,-0.00519589364546124,0.0687102372017883
498.710973547785,-0.00489930262302945,-0.00419273937818005,0.000489348329985586,-0.0656331492806717,-2.02973757905595e-06,0.000659862440219143,-0.00512475291441149,0.0682420919582958
502.169608166212,-0.00485529459673755,-0.00413083324084105,0.00045926741016799,-0.0651531180952403,-1.79193629520654e-06,0.000655062430529258,-0.00505458176800452,0.0677770645658904
505.652228929035,-0.00481146417017504,-0.00406973383387164,0.000430024223309059,-0.0646766637932711,-1.5612196154915e-06,0.000650297994082218,-0.00498536713925912,0.067315135765853
509.159002183727,-0.00476781484184305,-0.00400943395632755,0.000401601513576535,-0.064203762462114,-1.33743839852873e-06,0.000645568890633749,-0.0049170961327912,0.0668562863867292
512.690095431402,-0.00472435003193845,-0.00394992639898308,0.000373982284325651,-0.0637343902461717,-1.12044575716464e-06,0.000640874880663077,-0.00484975602268628,0.0664004973446301
516.245677334823,-0.00468107308212441,-0.00389120394580037,0.000347149796109576,-0.0632685233489115,-9.10097041418795e-07,0.000636215725388841,-0.00478333425039507,0.0659477496435128
519.825917726449,-0.00463798725534191,-0.00383325937539779,0.000321087564672188,-0.0628061380348547,-7.06249821264217e-07,0.000631591186784824,-0.00471781842265207,0.0654980243754433
523.430987616559,-0.00459509573566205,-0.00377608546251616,0.000295779358923375,-0.0623472106315413,-5.08763869244512e-07,0.000627001027595499,-0.00465319630941696,0.0650513027208407
527.061059201407,-0.00455240162817855,-0.00371967497948157,0.000271209198897028,-0.0618917175314713,-3.17501142929791e-07,0.000622445011351382,-0.00458945584183859,0.0646075659487032
530.716305871459,-0.00450990795894036,-0.0036640206976638,0.000247361353692042,-0.06143963519402,-1.32325767213767e-07,0.000617922902384189,-0.00452658511024147,0.0641667954168174
534.396902219665,-0.00446761767492354,-0.00360911538892897,0.000224220339396519,-0.0609909401473277,4.68959835458262e-08,0.00061343446584178,-0.00446457236213444,0.06372897257195
538.103024049808,-0.00442553364404229,-0.00355495182708544,0.000201770916995572,-0.0605456089901629,2.20295703540655e-07,0.000608979467702898,-0.00440340600024158,0.0632940789500228
541.834848384891,-0.00438365865519834,-0.00350152278932185,0.00017999809026301,-0.0601036183937579,3.88002873675538e-07,0.000604557674791681,-0.00434307458055492,0.0628620961762723
545.592553475602,-0.00434199541836833,-0.00344882105763619,0.000158887103637321,-0.0596649451036165,5.50144879879862e-07,0.000600168854791951,-0.00428356681040896,0.062433005965392
549.376318808822,-0.00430054656472852,-0.00339683942025488,0.000138423440082349,-0.059229565941294,7.06847031562291e-07,0.000595812776261278,-0.00422487154657675,0.0620067901216608
553.1863251162,-0.00425931464681627,-0.00334557067304088,0.000118592818933078,-0.0587974578061464,8.58232580205662e-07,0.000591489208644795,-0.00416697779338739,0.061583430539055
557.022754382788,-0.00421830213872758,-0.00329500762088978,9.93811937270222e-05,-0.0583685976770514,1.00442273809717e-06,0.000587197922288779,-0.00410987470086467,0.0611629092013462
560.885789855729,-0.00417751143635019,-0.00324514307911295,8.0774750021672e-05,-0.0579429626140983,1.14553669719027e-06,0.000582938688453977,-0.00405355156288686,0.0607452081821847
564.775616053012,-0.00413694485763132,-0.00319596987480692,6.27599031985488e-05,-0.0575205297602471,1.28169164809271e-06,0.000578711279328686,-0.00399799781536726,0.0603303096451687
568.692418772287,-0.00409660464287966,-0.0031474808482079,4.53232962543482e-05,-0.0571012763429564,1.41300279917722e-06,0.000574515468041564,-0.00394320303445549,0.0599181958438999
572.636385099737,-0.00405649295510054,-0.0030996688540308,2.84517975797744e-05,-0.0566851796757791,1.53958339580852e-06,0.000570351028674187,-0.00388915693475929,0.0595088491220255
576.607703419018,-0.00401661188036385,-0.00305252676279178,1.21324987266387e-05,-0.0562722171599264,1.66154473968247e-06,0.000566217736273334,-0.00383584936758661,0.0591022519132679
580.606563420252,-0.00397696342820366,-0.00300604746211356,-3.6472878362343e-06,-0.0558623662857982,1.77899620827164e-06,0.000562115366862994,-0.0037832703192079,0.0586983867414402
584.633156109091,-0.00393754953204902,-0.00296022385801282,-1.89000309775921e-05,-0.0554556046344809,1.89204527437151e-06,0.000558043697456109,-0.00373140990913829,0.0582972362204511
588.687673815838,-0.00389837204968497,-0.00291504887616886,-3.36379831683007e-05,-0.0550519098792117,2.00079752574239e-06,0.000554002506066028,-0.00368025838843971,0.0578987830542961
592.77031020464,-0.00385943276374296,-0.00287051546317283,-4.78731827551187e-05,-0.054651259786808,2.10535668484053e-06,0.000549991571717677,-0.00362980613804245,0.0575030100370378
596.881260282727,-0.00382073338221994,-0.00282661658775699,-6.16174562431105e-05,-0.0542536322190639,2.20582462863289e-06,0.000546010674458444,-0.0035800436670863,0.0571099000527745
601.020720409738,-0.00378227553902526,-0.0027833452420032,-7.48824205859849e-05,-0.0538590051341113,2.30230140848962e-06,0.000542059595368778,-0.00353096161128091,0.0567194360755975
605.188888307094,-0.00374406079455437,-0.0027406944425302,-8.7679485483696e-05,-0.0534673565877458,2.39488527014767e-06,0.000538138116572486,-0.00348255073128521,0.0563316011695374
609.385963067442,-0.0037060906362888,-0.00269865723165904,-0.000100019855686628,-0.0530786647347187,2.48367267374009e-06,0.000534246021246745,-0.0034348019111058,0.0559463784884999
613.612145164168,-0.00366836647942113,-0.00265722667855614,-0.000111914533305621,-0.0526929078299924,2.56875831388384e-06,0.000530383093631805,-0.00338770615651402,0.0555637512761914
617.867636460969,-0.00363088966750449,-0.0026163958803535,-0.000123374320127199,-0.0523100642299613,2.65023513982046e-06,0.000526549119040405,-0.00334125459348163,0.055183702866034
622.152640221499,-0.00359366147312537,-0.00257615796324563,-0.000134409819933221,-0.051930112393636,2.72819437560286e-06,0.000522743883866874,-0.00329543846663486,0.054806216681071
626.467361119072,-0.0035566830985991,-0.0025365060835627,-0.000145031440824279,-0.0515530308837927,2.80272554032182e-06,0.00051896717559594,-0.00325024913772667,0.0544312762338627
630.812005246445,-0.003519955676687,-0.00249743342881963,-0.000155249397546117,-0.051178798368086,2.87391646836577e-06,0.000515218782811229,-0.00320567808412707,0.0540588651263731
635.186780125658,-0.00348348027133429,-0.00245893321874056,-0.000165073713818338,-0.0508073936201257,2.9418533297073e-06,0.000511498495203462,-0.0031617168973313,0.0536889670498472
639.591894717946,-0.00344725787842795,-0.00242099870625867,-0.000174514224664675,-0.050438795520518,3.00662065020992e-06,0.000507806103578339,-0.0031183572814857,0.0533215657846795
644.027559433723,-0.00341128942657366,-0.00238362317849073,-0.000183580578744117,-0.0500729830578701,3.06830133194848e-06,0.000504141399864127,-0.00307559105193114,0.0529566452002743
648.493986142629,-0.00337557577789074,-0.00234679995768636,-0.000192282240682153,-0.0497099353297589,3.12697667353682e-06,0.000500504177118929,-0.00303341013376378,0.0525941892548971
652.991388183652,-0.00334011772882449,-0.00231052240215161,-0.000200628493401418,-0.0493496315436635,3.18272639045599e-06,0.000496894229537659,-0.00299180656041302,0.0522341819955182
657.519980375318,-0.00330491601097486,-0.00227478390714673,-0.000208628440451005,-0.0489920510178617,3.23562863537683e-06,0.000493311352458698,-0.00295077247223648,0.0518766075576484
662.07997902595,-0.00326997129194056,-0.00223957790575793,-0.000216291008333785,-0.0486371731822907,3.28576001847028e-06,0.000489755342370251,-0.00291030011513183,0.0515214501651665
666.671601944003,-0.0032352841761779,-0.00220489786974302,-0.000223624948830924,-0.0482849775793715,3.33319562769882e-06,0.000486225996916396,-0.0028703818391653,0.0511686941301405
671.295068448464,-0.0032008552058733,-0.00217073731035069,-0.000230638841323016,-0.0479354438647983,3.37800904908335e-06,0.000482723114902828,-0.00283101009721672,0.0508183238526401
675.950599379332,-0.00316668486182881,-0.00213708977911347,-0.000237341095107022,-0.047588551808291,3.42027238693833e-06,0.000479246496302296,-0.0027921774436409,0.0504703238205432
680.638417108163,-0.0031327735643596,-0.00210394886861431,-0.000243739951708408,-0.0472442812943137,3.46005628406979e-06,0.000475795942259747,-0.00275387653294518,0.050124678609335
685.358745548692,-0.00309912167420272,-0.00207130821322656,-0.000249843487187741,-0.0469026123227571,3.49742994192936e-06,0.000472371255097153,-0.00271610011848308,0.049781372881901
690.11181016753,-0.00306572949343625,-0.0020391614898276,-0.000255659614441114,-0.0465635250095857,3.53246114071887e-06,0.000468972238318055,-0.0026788410511637,0.0494403913883129
694.897837994932,-0.00303259726640799,-0.00200750241848586,-0.000261196085493708,-0.0462269995874511,3.56521625943893e-06,0.0004655986966118,-0.00264209227817692,0.0491017189656086
699.717057635642,-0.00299972518067294,-0.00197632476312157,-0.000266460493785849,-0.0458930164062693,3.59576029587608e-06,0.000462250435857479,-0.00260584684173408,0.0487653405375661
704.569699279812,-0.00296711336793874,-0.00194562233214093,-0.000271460276450909,-0.0455615559337654,3.62415688652239e-06,0.000458927263127582,-0.00257009787782407,0.0484312411144716
709.455994713995,-0.00293476190501827,-0.00191538897904419,-0.000276202716584445,-0.0452325987559827,3.65046832642207e-06,0.000455628986691356,-0.00253483861498461,0.0480994057928818
714.376177332221,-0.00290267081478866,-0.00188561860300738,-0.000280694945503917,-0.0449061255777593,3.67475558893917e-06,0.000452355416017873,-0.00250006237308861,0.0477698197553803
719.33048214714,-0.002870840067156,-0.00185630514943806,-0.000284943944998411,-0.0445821172231704,3.69707834544125e-06,0.000449106361778812,-0.00246576256214546,0.0474424682703296
724.31914580125,-0.00283926958002486,-0.00182744261050512,-0.000288956549567775,-0.0442605546359384,3.71749498489344e-06,0.000445881635850966,-0.002431932681117,0.0471173366916169
729.342406578201,-0.00280795922027203,-0.00179902502564289,-0.000292739448650546,-0.0439414188798098,3.73606263335766e-06,0.000442681051318459,-0.00239856631674814,0.0467944104583953
734.400504414174,-0.00277690880472376,-0.00177104648202958,-0.000296299188840175,-0.0436246911388997,3.75283717339205e-06,0.000439504422474692,-0.00236565714241193,0.0464736750948205
739.493680909344,-0.00274611810113564,-0.00174350111504048,-0.000299642176088922,-0.0433103527180049,3.76787326334531e-06,0.000436351564824013,-0.00233319891696883,0.0461551162097821
744.622179339418,-0.00271558682917469,-0.00171638310867592,-0.000302774677898938,-0.0429983850428851,3.78122435654148e-06,0.00043322229508312,-0.00230118548364024,0.0458387194966309
749.786244667259,-0.0026853146614027,-0.00168968669596441,-0.000305702825499994,-0.0426887696605133,3.79294272035022e-06,0.000430116431182195,-0.00226961076889588,0.0455244707329015
754.98612355458,-0.00265530122426046,-0.00166340615934111,-0.000308432616013354,-0.0423814882392951,3.80307945513796e-06,0.000427033792265775,-0.00223846878135511,0.0452123557800309
760.222064373731,-0.00262554609905198,-0.00163753583100189,-0.000310969914601292,-0.0420765225692582,3.81168451309566e-06,0.000423974198693368,-0.00220775361070188,0.0449023605830729
765.494317219563,-0.00259604882292828,-0.00161207009323335,-0.000313320456601785,-0.0417738545622119,3.8188067169387e-06,0.000420937472039807,-0.00217745942661319,0.0445944711704084
770.803133921369,-0.00256680888987001,-0.00158700337871904,-0.000315489849647944,-0.0414734662518775,3.8244937784749e-06,0.000417923435095362,-0.00214758047770103,0.0442886736534522
776.148768054917,-0.00253782575166841,-0.0015623301708222,-0.000317483575771698,-0.04117533979399,3.82879231703657e-06,0.000414931911865595,-0.00211811109046746,0.0439849542263559
781.531474954562,-0.00250909881890397,-0.0015380450038453,-0.000319306993491341,-0.0408794574663707,3.83174787777269e-06,0.000411962727570982,-0.00208904566827286,0.0436832991657073
786.951511725437,-0.00248062746192229,-0.00151414246326683,-0.000320965339882519,-0.0405858016689729,3.83340494979762e-06,0.000409015708646289,-0.00206037869031708,0.0433836948302267
792.40913725574,-0.00245241101180654,-0.00149061718595554,-0.000322463732632261,-0.0402943549238996,3.83380698419268e-06,0.000406090682739716,-0.00203210471063346,0.0430861276604592
797.904612229097,-0.0024244487613461,-0.00146746386036263,-0.000323807172075685,-0.0400050998753948,3.83299641185719e-06,0.000403187478711814,-0.00200421835709544,0.0427905841784645
803.438199137013,-0.00239673996600079,-0.00144467722669215,-0.000325000543215009,-0.0397180192898079,3.83101466120572e-06,0.000400305926634172,-0.0019767143304358,0.0424970509875039
809.01016229141,-0.00236928384486022,-0.00142225207704997,-0.000326048617720538,-0.0394330960555331,3.82790217570839e-06,0.000397445857787886,-0.00194958740327819,0.0422055147717233
814.620767837254,-0.00234207958159789,-0.00140018325557185,-0.000326956055913285,-0.0391503131829226,3.82369843127133e-06,0.000394607104661813,-0.00192283241918097,0.0419159622958344
820.270283765263,-0.00231512632541941,-0.00137846565853079,-0.00032772740872892,-0.0388696538041756,3.8184419534543e-06,0.000391789500950606,-0.00189644429169317,0.0416283804047932
825.958979924714,-0.00228842319200463,-0.00135709423442427,-0.000328367119662761,-0.0385911011732034,3.81217033452296e-06,0.000388992881552554,-0.00187041800342238,0.0413427560234752
831.687128036326,-0.00226196926444306,-0.00133606398404157,-0.00032887952669552,-0.0383146386654693,3.80492025033322e-06,0.000386217082567205,-0.00184474860511449,0.0410590761563489
837.455001705243,-0.0022357635941623,-0.00131536996051174,-0.000329268864199541,-0.0380402497778075,3.79672747704515e-06,0.000383461941292805,-0.00181943121474524,0.0407773278871467
843.262876434102,-0.00220980520184917,-0.00129500726933258,-0.000329539264825302,-0.0377679181282176,3.78762690766443e-06,0.000380727296223533,-0.00179446101662314,0.0404974983785333
849.111029636188,-0.00218409307836288,-0.00127497106838099,-0.000329694761367916,-0.0374976274556379,3.77765256840892e-06,0.000378012987046555,-0.00176983326050409,0.0402195748717726
854.999740648693,-0.00215862618564033,-0.00125525656790519,-0.000329739288613461,-0.0372293616196969,3.76683763489879e-06,0.00037531885463889,-0.00174554326071708,0.0399435446863921
860.92929074605,-0.00213340345759281,-0.00123585903049919,-0.00032967668516491,-0.0369631046004437,3.75521444816806e-06,0.000372644741064099,-0.0017215863953012,0.039669395219845
866.899963153375,-0.002108423800994,-0.00121677377105996,-0.00032951069524748,-0.0366988404980585,3.74281453049593e-06,0.000369990489568799,-0.0016979581051537,0.0393971139471718
872.91204305999,-0.00208368609635899,-0.00119799615672766,-0.000329244970493255,-0.0364365535325423,3.72966860105656e-06,0.00036735594457901,-0.00167465389318893,0.0391266884206586
878.965817633049,-0.00205918919881387,-0.00117952160680949,-0.000328883071704904,-0.0361762280433882,3.71580659138558e-06,0.000364740951696331,-0.00165166932350813,0.0388581062694946
885.061576031251,-0.00203493193895581,-0.0011613455926874,-0.000328428470598366,-0.0359178484892329,3.70125766066228e-06,0.000362145357693965,-0.00162900002057984,0.0385913551994284
891.199609418655,-0.00201091312370327,-0.0011434636377103,-0.00032788455152439,-0.035661399447491,3.68605021080624e-06,0.000359569010512581,-0.00160664166843091,0.0383264229924216
897.380210978585,-0.00198713153713609,-0.00112587131707102,-0.000327254613168793,-0.0354068656139704,3.67021190138739e-06,0.000357011759256029,-0.00158459000984794,0.0380632975063022
903.603675927636,-0.0019635859413254,-0.00110856425766857,-0.000326541870231378,-0.0351542318024713,3.65376966434856e-06,0.000354473454186912,-0.00156284084558896,0.0378019666744165
909.870301529772,-0.00194027507715289,-0.00109153813795607,-0.000325749455083388,-0.0349034829443684,3.63674971853981e-06,0.000351953946722007,-0.0015413900336054,0.0375424185052789
916.18038711053,-0.00191719766511946,-0.00107478868777475,-0.000324880419403474,-0.0346546040881764,3.61917758406393e-06,0.000349453089427561,-0.00152023348827402,0.0372846410822218
922.534234071309,-0.001894352406143,-0.00105831168817457,-0.000323937735792072,-0.0344075803991007,3.60107809643236e-06,0.000346970736014447,-0.00149936717963887,0.0370286225630436
928.932145903777,-0.0018717379823451,-0.0010421029712217,-0.000322924299364196,-0.0341623971585722,3.58247542053137e-06,0.000344506741333196,-0.00147878713266304,0.0367743511796561
935.374428204358,-0.0018493530578266,-0.00102615841979347,-0.000321842929320569,-0.0339190397637681,3.56339306439801e-06,0.000342060961368906,-0.00145848942649011,0.036521815237731
941.861388688833,-0.00182719627943179,-0.00101047396736101,-0.000320696370497124,-0.0336774937271182,3.54385389280573e-06,0.00033963325323603,-0.00143847019371523,0.0362710031163451
948.39333720704,-0.00180526627750119,-0.000995045597760235,-0.000319487294892822,-0.0334377446757975,3.52388014065954e-06,0.000337223475173053,-0.00141872561966568,0.0360219032676255
954.970585757668,-0.00178356166661276,-0.000979869344951334,-0.000318218303175828,-0.0331997783512066,3.50349342620061e-06,0.000334831486537056,-0.00139925194169078,0.0357745042163937
961.593448503166,-0.00176208104631139,-0.000964941292767343,-0.000316891926168039,-0.0329635806084383,3.48271476402074e-06,0.000332457147798178,-0.00138004544846104,0.0355287945598087
968.262241784745,-0.00174082300182678,-0.000950257574652153,-0.000315510626308008,-0.0327291374157328,3.46156457788646e-06,0.000330100320533975,-0.00136110247927655,0.0352847629670104
974.977284137491,-0.00171978610477931,-0.000935814373388342,-0.000314076799092291,-0.0324964348539213,3.44006271337349e-06,0.000327760867423682,-0.00134241942338427,0.0350423981787619
981.738896305574,-0.00169896891387419,-0.000921607920815237,-0.000312592774495272,-0.0322654591158581,3.41822845031169e-06,0.000325438652242384,-0.00132399271930434,0.0348016890070916
988.547401257578,-0.00167836997558356,-0.000907634497537603,-0.000311060818367521,-0.0320361965058422,3.39608051504104e-06,0.000323133539855093,-0.00130581885416521,0.0345626243349348
995.403124201917,-0.00165798782481661,-0.000893890432625329,-0.000309483133812756,-0.031808633439029,3.37363709247929e-06,0.000320845396210751,-0.00128789436304743,0.0343251931157748
1002.30639260238,-0.00163782098557771,-0.000880372103304512,-0.000307861862543483,-0.0315827564408313,3.35091583800191e-06,0.00031857408833614,-0.00127021582833607,0.0340893843732848
1009.25753619375,-0.00161786797161249,-0.00086707593464029,-0.000306199086215405,-0.0313585521463123,3.32793388913498e-06,0.000316319484329726,-0.0012527798790817,0.033855187200968
1016.2568869976,-0.0015981272870418,-0.000853998399211808,-0.000304496827740692,-0.0311360072995683,3.30470787706199e-06,0.000314081453355419,-0.00123558319036962,0.0336225907617987
1023.30477933808,-0.0015785974269837,-0.00084113601677971,-0.000302757052580211,-0.0309151087531044,3.28125393794536e-06,0.000311859865636281,-0.00121862248269758,0.0333915842878633
1030.40154985798,-0.00155927687816327,-0.000828485353946423,-0.000300981670014835,-0.0306958434672009,3.25758772406348e-06,0.000309654592448147,-0.00120189452136151,0.0331621570800006
1037.5475375347,-0.00154016411951051,-0.000816043023809724,-0.000299172534395952,-0.0304781985092732,3.23372441476476e-06,0.000307465506113204,-0.0011853961158495,0.0329342985074428
1044.74308369654,-0.00152125762274601,-0.000803805685609793,-0.000297331446375281,-0.0302621610532234,3.20967872723915e-06,0.000305292479993501,-0.00116912411924361,0.0327079980074561
1051.98853203895,-0.00150255585295488,-0.000791770044370213,-0.000295460154114158,-0.0300477183787861,3.18546492710888e-06,0.000303135388484409,-0.00115307542762976,0.0324832450849816
1059.28422864097,-0.00148405726914844,-0.000779932850533156,-0.000293560354472396,-0.0298348578708674,3.16109683883915e-06,0.000300994107008024,-0.00113724697951524,0.0322600293122767
1066.63052198171,-0.00146576032481419,-0.000768290899589168,-0.000291633694176908,-0.0296235670188779,3.13658785597052e-06,0.000298868512006534,-0.00112163575525404,0.0320383403285561
1074.02776295709,-0.00144766346845383,-0.00075684103170178,-0.000289681770970204,-0.02941383341606,3.11195095117384e-06,0.000296758480935531,-0.00110623877647973,0.0318181678396334
1081.4763048965,-0.00142976514410943,-0.000745580131327375,-0.00028770613473894,-0.0292056447588103,3.08719868612949e-06,0.000294663892257286,-0.00109105310554589,0.0315995016175632
1088.97650357974,-0.00141206379187793,-0.000734505126830491,-0.000285708288622692,-0.0289989888459966,3.06234322123217e-06,0.000292584625433989,-0.00107607584497388,0.0313823315002829
1096.52871725401,-0.00139455784841391,-0.000723612990094986,-0.000283689690103103,-0.028793853578271,3.03739632512279e-06,0.000290520560920949,-0.00106130413690802,0.031166647391256
1104.13330665098,-0.00137724574742073,-0.000712900736131254,-0.000281651752073585,-0.0285902269573783,3.01236938404887e-06,0.000288471580159764,-0.00104673516257797,0.0309524392591143
1111.79063500406,-0.00136012592013025,-0.000702365422679868,-0.000279595843889764,-0.028388097085461,2.98727341105524e-06,0.000286437565571472,-0.00103236614176824,0.0307396971373021
1119.50106806575,-0.00134319679577094,-0.000692004149811856,-0.000277523292400831,-0.02818745216436,2.96211905500637e-06,0.000284418400549657,-0.00101819433229472,0.0305284111237199
1127.26497412507,-0.00132645680202484,-0.000681814059525964,-0.000275435382962009,-0.0279882804949134,2.93691660944222e-06,0.00028241396945355,-0.00100421702948829,0.0303185713803689
1135.0827240252,-0.00130990436547311,-0.000671792335343083,-0.000273333360428304,-0.0277905704762513,2.91167602126907e-06,0.000280424157601103,-0.000990431565685161,0.0301101681329965
1142.95469118117,-0.00129353791203055,-0.000661936201898206,-0.000271218430129751,-0.0275943106050888,2.88640689928723e-06,0.000278448851262043,-0.000976835309724102,0.0299031916707417
1150.8812515977,-0.00127735586736896,-0.000652242924530065,-0.000269091758828344,-0.0273994894750159,2.8611185225572e-06,0.000276487937650916,-0.000963425666450317,0.0296976323457815
1158.86278388715,-0.00126135665732972,-0.000642709808868797,-0.000266954475656856,-0.0272060957757867,2.83581984860626e-06,0.000274541304920119,-0.000950200076225992,0.0294934805729785
1166.89966928762,-0.00124553870832536,-0.000633334200421783,-0.000264807673039738,-0.0270141182926055,2.81051952147692e-06,0.000272608842152917,-0.000937156014447308,0.0292907268295278
1174.99229168114,-0.00122990044773059,-0.000624113484157999,-0.000262652407596336,-0.0268235459054129,2.78522587961955e-06,0.000270690439356457,-0.000924290991067974,0.0290893616546066
1183.14103761204,-0.00121444030426268,-0.000615045084090998,-0.000260489701026584,-0.0266343675881693,2.7599469636305e-06,0.00026878598745478,-0.000911602550129065,0.0288893756490226
1191.34629630538,-0.00119915670835133,-0.000606126462860857,-0.00025832054097944,-0.0264465724081391,2.73469052383802e-06,0.000266895378281821,-0.000899088269295207,0.0286907594748647
1199.60845968555,-0.00118404809249829,-0.0005973551213152,-0.000256145881904227,-0.026260149525173,2.70946402773748e-06,0.000265018504574419,-0.000886745759396912,0.0284935038551537
1207.92792239501,-0.00116911289162677,-0.000588728598089607,-0.000253966645885134,-0.0260750881909908,2.68427466727812e-06,0.000263155259965325,-0.000874572663979092,0.0282975995734942
1216.3050818131,-0.00115434954342062,-0.000580244469187507,-0.000251783723459057,-0.0258913777484634,2.65912936600289e-06,0.000261305538976207,-0.000862566658855575,0.0281030374737273
1224.74033807505,-0.00113975648865383,-0.00057190034755987,-0.00024959797441703,-0.0257090076308956,2.63403478604366e-06,0.000259469237010675,-0.000850725451669641,0.0279098084595841
1233.23409409112,-0.00112533217150995,-0.000563693882684763,-0.000247410228589438,-0.0255279673613084,2.60899733497334e-06,0.000257646250347301,-0.000839046781460398,0.0277179034943403
1241.78675556577,-0.00111107503989204,-0.000555622760147079,-0.000245221286615246,-0.025348246551723,2.58402317251726e-06,0.000255836476132656,-0.000827528418235036,0.0275273136004721
1250.39873101711,-0.00109698354572297,-0.000547684701218505,-0.000243031920695457,-0.0251698349024444,2.5591182171253e-06,0.000254039812374354,-0.000816168162546766,0.0273380298593116
1259.07043179635,-0.00108305614523638,-0.000539877462437996,-0.000240842875331028,-0.0249927222013466,2.53428815240719e-06,0.000252256157934118,-0.000804963845078487,0.0271500434107057
1267.80227210752,-0.00106929129925836,-0.000532198835192854,-0.000238654868045447,-0.0248168983231591,2.50953843343253e-06,0.000250485412520847,-0.000793913326231991,0.0269633454526736
1276.5946690272,-0.00105568747348003,-0.000524646645300605,-0.000236468590092218,-0.0246423532287538,2.48487429289769e-06,0.000248727476683714,-0.000783014495722739,0.0267779272410667
1285.44804252445,-0.00104224313872119,-0.000517218752591841,-0.000234284707147452,-0.0244690769644353,2.46030074716161e-06,0.000246982251805273,-0.000772265272180074,0.0265937800892292
1294.36281548089,-0.00102895677118505,-0.000509913050494128,-0.000232103859987793,-0.0242970596612305,2.43582260215216e-06,0.000245249640094591,-0.000761663602752796,0.0264108953676599
1303.33941371088,-0.0010158268527044,-0.000502727465617189,-0.000229926665153908,-0.0241262915341824,2.41144445914542e-06,0.000243529544580399,-0.000751207462720088,0.026229264503675
1312.37826598188,-0.00100285187097916,-0.000495659957339438,-0.000227753715599753,-0.023956762881644,2.38717072041948e-06,0.000241821869104266,-0.000740894855107642,0.0260488789810719
1321.47980403488,-0.00099003031980561,-0.000488708517396054,-0.000225585581327835,-0.0237884640845763,2.36300559478488e-06,0.0002401265183138,-0.000730723810309003,0.0258697303397945
1330.6444626051,-0.000977360699297293,-0.000481871169468673,-0.00022342281001069,-0.0236213856058467,2.33895310299365e-06,0.000238443397655865,-0.000720692385711975,0.0256918101755993
1339.87267944269,-0.000964841516097934,-0.000475145968776866,-0.000221265927598807,-0.0234555179895318,2.3150170830288e-06,0.000236772413369844,-0.000710798665330109,0.025515110139723
1349.16489533366,-0.000952471283586316,-0.000468531001671478,-0.000219115438915196,-0.0232908518602212,2.29120119527622e-06,0.000235113472480907,-0.000701040759439132,0.0253396219385509
1358.52155412096,-0.000940248522073425,-0.000462024385229989,-0.000216971828236836,-0.0231273779223255,2.26750892758098e-06,0.000233466482793323,-0.000691416804218319,0.0251653373332869
1367.94310272563,-0.000928171758991875,-0.000455624266853945,-0.000214835559863207,-0.0229650869593857,2.24394360018981e-06,0.0002318313528838,-0.000681924961396667,0.0249922481396244
1377.42999116818,-0.000916239529077894,-0.00044932882386863,-0.00021270707867213,-0.0228039698333877,2.22050837058184e-06,0.000230207992094856,-0.0006725634179039,0.0248203462274187
1386.98267259009,-0.000904450374545873,-0.00044313626312501,-0.000210586810663119,-0.0226440174840776,2.19720623818923e-06,0.000228596310528213,-0.000663330385526149,0.0246496235203606
1396.60160327544,-0.000892802845255767,-0.000437044820604107,-0.000208475163488469,-0.0224852209282822,2.17404004900999e-06,0.000226996219038244,-0.000654224100566324,0.0244800719956509
1406.2872426727,-0.000881295498873347,-0.000431052761023829,-0.000206372526972273,-0.0223275712592316,2.15101250011432e-06,0.000225407629225433,-0.00064524282350905,0.0243116836836767
1416.04005341668,-0.000869926901023596,-0.000425158377448406,-0.000204279273617612,-0.0221710596458864,2.12812614404681e-06,0.000223830453429887,-0.000636384838690173,0.0241444506676888
1425.86050135065,-0.000858695625437242,-0.000419359990900446,-0.000202195759102072,-0.0220156773322669,2.10538339312605e-06,0.00022226460472487,-0.000627648453970703,0.0239783650834799
1435.74905554856,-0.00084760025409071,-0.000413655949975754,-0.00020012232276186,-0.0218614156367883,2.08278652364362e-06,0.000220709996910388,-0.000619032000415213,0.0238134191190652
1445.70618833745,-0.000836639377339505,-0.000408044630460922,-0.000198059288064658,-0.0217082659515969,2.06033767996412e-06,0.000219166544506799,-0.000610533831974555,0.0236496050143633
1455.73237532004,-0.00082581159404529,-0.000402524434953819,-0.000196006963071475,-0.0215562197419126,2.03803887852829e-06,0.000217634162748468,-0.000602152325172923,0.0234869150608786
1465.8280953974,-0.000815115511696673,-0.000397093792486992,-0.000193965640887654,-0.0214052685453738,2.0158920117607e-06,0.000216112767577459,-0.000593885878799107,0.0233253416013855
1475.99383079187,-0.000804549746523964,-0.000391751158154084,-0.000191935600103264,-0.0212554039713869,1.99389885188401e-06,0.000214602275637268,-0.000585732913601989,0.023164877029614
1486.23006707006,-0.000794112923607925,-0.000386495012739285,-0.000189917105223052,-0.0211066177004795,1.97206105464142e-06,0.000213102604266594,-0.000577691871990122,0.0230055137899354
1496.53729316606,-0.000783803676982744,-0.000381323862349912,-0.000187910407086172,-0.0209589014836585,1.9503801629291e-06,0.000211613671493152,-0.000569761217735425,0.0228472443770512
1506.9160014048,-0.000773620649733284,-0.000376236238052124,-0.000185915743275855,-0.0208122471417715,1.92885761034023e-06,0.000210135396027524,-0.000561939435680872,0.0226900613356818
1517.36668752555,-0.000763562494086824,-0.000371230695509862,-0.000183933338519249,-0.0206666465648729,1.90749472462248e-06,0.000208667697257062,-0.000554225031452173,0.0225339572602579
1527.88985070559,-0.000753627871499329,-0.000366305814627013,-0.000181963405077575,-0.0205220917115944,1.88629273105044e-06,0.000207210495239817,-0.000546616531173354,0.0223789247946119
1538.4859935841,-0.000743815452736479,-0.000361460199192887,-0.000180006143126833,-0.0203785746085196,1.86525275571483e-06,0.000205763710698527,-0.000539112481186219,0.0222249566316718
1549.15562228612,-0.000734123917949484,-0.000356692476530991,-0.000178061741129189,-0.020236087349563,1.84437582872989e-06,0.000204327265014633,-0.000531711447773603,0.0220720455131561
1559.89924644673,-0.000724551956745913,-0.000352001297151187,-0.000176130376195285,-0.0200946220953539,1.82366288736089e-06,0.000202901080222353,-0.000524412016886418,0.02192018422927
1570.71737923542,-0.00071509826825556,-0.000347385334405213,-0.000174212214437589,-0.0199541710726245,1.80311477907296e-06,0.000201485079002786,-0.000517212793874375,0.0217693656184031
1581.61053738059,-0.000705761561191573,-0.00034284328414565,-0.000172307411315025,-0.0198147265736021,1.78273226450325e-06,0.000200079184678072,-0.000510112403220409,0.0216195825668285
1592.57924119422,-0.000696540553906863,-0.000338373864388303,-0.000170416111969007,-0.0196762809554068,1.76251602035754e-06,0.000198683321205585,-0.000503109488278673,0.0214708280084034
1603.62401459674,-0.000687433974446025,-0.000333975814978073,-0.000168538451551085,-0.0195388266394528,1.74246664223321e-06,0.000197297413172181,-0.000496202711016144,0.0213230949242711
1614.74538514202,-0.000678440560592776,-0.000329647897258294,-0.000166674555542349,-0.0194023561108552,1.7225846473698e-06,0.000195921385788482,-0.000489390751757709,0.0211763763425642
1625.94388404263,-0.000669559059913128,-0.000325388893743592,-0.000164824540064785,-0.0192668619178411,1.70287047732886e-06,0.00019455516488321,-0.000482672308934746,0.0210306653381096
1637.22004619516,-0.000660788229794333,-0.000321197607796244,-0.000162988512184725,-0.019132336671165,1.68332450060442e-06,0.000193198676897567,-0.000476046098837112,0.0208859550321344
1648.57441020578,-0.000652126837479773,-0.000317072863306092,-0.000161166570208571,-0.0189987730435295,1.66394701516559e-06,0.000191851848879655,-0.000469510855368531,0.0207422385919741
1660.00751841599,-0.000643573660099852,-0.000313013504373973,-0.000159358803970946,-0.0188661637690103,1.64473825093275e-06,0.000190514608478943,-0.000463065329805285,0.0205995092307811
1671.51991692849,-0.000635127484699066,-0.000309018394998726,-0.000157565295115437,-0.0187345016424864,1.62569837218867e-06,0.000189186883940787,-0.000456708290558231,0.0204577602072356
1683.11215563331,-0.000626787108259279,-0.000305086418767738,-0.000155786117368084,-0.0186037795190744,1.60682747992597e-06,0.000187868604100981,-0.000450438522938022,0.0203169848252577
1694.78478823403,-0.000618551337719392,-0.000301216478551063,-0.000154021336803765,-0.0184739903135678,1.58812561413235e-06,0.000186559698380369,-0.000444254828923566,0.0201771764337203
1706.53837227424,-0.000610418989991448,-0.000297407496199099,-0.00015227101210564,-0.0183451269998814,1.56959275601482e-06,0.000185260096779492,-0.000438156026933612,0.0200383284261647
1718.37346916419,-0.000602388891973319,-0.000293658412243838,-0.000150535194817793,-0.0182171826105002,1.55122883016442e-06,0.000183969729873283,-0.000432140951601479,0.019900434240516
1730.2906442076,-0.000594459880558035,-0.000289968185603673,-0.000148813929591224,-0.0180901502359327,1.53303370666248e-06,0.000182688528805813,-0.000426208453552827,0.0197634873588019
1742.29046662864,-0.000586630802639908,-0.000286335793291771,-0.000147107254423338,-0.0179640230241698,1.51500720313e-06,0.000181416425285072,-0.000420357399186499,0.019627481306871
1754.37350959913,-0.00057890051511749,-0.000282760230127999,-0.000145415200891066,-0.0178387941801475,1.49714908672122e-06,0.000180153351577809,-0.000414586670458313,0.0194924096541139
1766.54035026596,-0.000571267884893503,-0.000279240508454408,-0.000143737794377769,-0.0177144569652151,1.4794590760626e-06,0.000178899240504404,-0.000408895164667832,0.0193582660131852
1778.79156977856,-0.000563731788871833,-0.000275775657854252,-0.000142075054294053,-0.017591004696608,1.46193684313863e-06,0.000177654025433796,-0.000403281794248046,0.0192250440397274
1791.12775331676,-0.00055629111395164,-0.000272364724874544,-0.000140426994292638,-0.0174684307469247,1.44458201512545e-06,0.000176417640278452,-0.000397745486557903,0.0190927374320951
1803.54949011869,-0.000548944757018738,-0.000269006772752139,-0.000138793622477408,-0.0173467285436096,1.42739417617355e-06,0.00017519001948938,-0.000392285183677699,0.0189613399310822
1816.05737350894,-0.000541691624934269,-0.000265700881143323,-0.000137174941606777,-0.0172258915684396,1.41037286914072e-06,0.000173971098051186,-0.000386899842207245,0.0188308453196495
1828.65200092687,-0.000534530634520824,-0.000262446145856905,-0.000135570949291501,-0.0171059133570155,1.39351759727644e-06,0.000172760811477187,-0.000381588433066803,0.0187012474226541
1841.33397395519,-0.000527460712546025,-0.000259241678590786,-0.000133981638187059,-0.016986787498259,1.37682782585865e-06,0.000171559095804552,-0.00037634994130073,0.01857254010658
1854.10389834867,-0.000520480795703724,-0.000256086606672011,-0.000132406996180725,-0.016868507633913,1.36030298378421e-06,0.000170365887589501,-0.00037118336588382,0.0184447172792705
1866.9623840631,-0.000513589830592842,-0.000252980072800251,-0.000130847006573461,-0.0167510674580479,1.34394246511396e-06,0.000169181123902542,-0.000366087719530274,0.0183177728896622
1879.91004528435,-0.000506786773693973,-0.000249921234794744,-0.00012930164825675,-0.0166344607165718,1.32774563057359e-06,0.000168004742323756,-0.000361062028505304,0.0181917009275193
1892.94750045783,-0.000500070591343789,-0.000246909265344624,-0.000127770895884466,-0.0165186812067455,1.3117118090112e-06,0.000166836680938122,-0.000356105332439287,0.0180664954231711
1906.0753723179,-0.000493440259707376,-0.000243943351762675,-0.000126254720039937,-0.0164037227767022,1.29584029881273e-06,0.000165676878330892,-0.000351216684144486,0.0179421504472492
1919.29428791772,-0.000486894764748516,-0.000241022695742434,-0.000124753087398269,-0.0162895793249717,1.28013036927609e-06,0.000164525273583004,-0.00034639514943425,0.0178186601104275
1932.60487865912,-0.000480433102198052,-0.000238146513118663,-0.000123265960884078,-0.0161762448000094,1.26458126194518e-06,0.00016338180626654,-0.000341639806944717,0.0176960185631628
1946.00778032282,-0.000474054277520343,-0.000235314033631144,-0.000121793299824716,-0.0160637131997295,1.24919219190453e-06,0.000162246416440231,-0.000336949747958923,0.0175742199954372
1959.50363309877,-0.000467757305877951,-0.00023252450069179,-0.000120335060099114,-0.0159519785710432,1.23396234903572e-06,0.000161119044645002,-0.000332324076233348,0.0174532586365018
1973.09308161673,-0.000461541212094553,-0.000229777171155031,-0.00011889119428233,-0.0158410350094011,1.21889089923637e-06,0.000159999631899559,-0.000327761907826809,0.0173331287546218
1986.77677497706,-0.000455405030616217,-0.000227071315091466,-0.000117461651785924,-0.0157308766583399,1.20397698560265e-06,0.000158888119696021,-0.000323262370931715,0.0172138246568234
2000.55536678172,-0.00044934780547105,-0.000224406215564745,-0.000116046378994244,-0.0156214977090342,1.18921972957617e-06,0.000157784449995591,-0.000318824605707614,0.0170953406886412
2014.42951516552,-0.000443368590227336,-0.000221781168411667,-0.000114645319396734,-0.015512892399852,1.17461823205627e-06,0.000156688565224279,-0.000314447764117032,0.0169776712338685
2028.39988282751,-0.000437466447950165,-0.000219195482025448,-0.000113258413716351,-0.0154050550159153,1.16017157447828e-06,0.000155600408268649,-0.000310131009763547,0.0168608107143073
2042.46713706267,-0.000431640451156681,-0.00021664847714216,-0.000111885600034193,-0.0152979798886646,1.1458788198589e-06,0.000154519922471627,-0.000305873517732092,0.016744753589521
2056.63194979376,-0.000425889681769953,-0.000214139486630284,-0.00011052681391043,-0.0151916613954276,1.13173901380933e-06,0.000153447051628337,-0.000301674474431429,0.0166294943565881
2070.89499760343,-0.000420213231071574,-0.00021166785528337,-0.000109181988501631,-0.0150860939589933,1.11775118551698e-06,0.000152381739981983,-0.000297533077438794,0.0165150275498571
2085.25696176653,-0.000414610199652996,-0.000209232939615772,-0.000107851054674561,-0.0149812720471885,1.10391434869658e-06,0.000151323932219771,-0.000293448535346661,0.0164013477407031
2099.71852828265,-0.000409079697365715,-0.000206834107661419,-0.000106533941116562,-0.0148771901724608,1.09022750251153e-06,0.000150273573468873,-0.000289420067611606,0.0162884495372857
2114.2803879089,-0.000403620843270296,-0.000204470738775605,-0.000105230574442579,-0.014773842891464,1.07668963246606e-06,0.00014923060929243,-0.000285446904405241,0.0161763275843082
2128.94323619287,-0.000398232765584361,-0.000202142223439763,-0.000103940879298933,-0.0146712248046485,1.06329971126913e-06,0.000148194985685593,-0.000281528286467193,0.0160649765627782
2143.7077735059,-0.000392914601629519,-0.000199847963069195,-0.000102664778463908,-0.0145693305558559,1.05005669967065e-06,0.000147166649071604,-0.000277663464960086,0.01595439118977
2158.57470507649,-0.000387665497777358,-0.000197587369823728,-0.000101402192945248,-0.0144681548319179,1.0369595472709e-06,0.000146145546297922,-0.000273851701326525,0.0158445662181875
2173.54474102402,-0.000382484609394486,-0.000195359866421262,-0.000100153042074621,-0.0143676923622581,1.0240071933036e-06,0.000145131624632379,-0.000270092267148025,0.0157354964365297
2188.61859639264,-0.000377371100786724,-0.000193164885954188,-9.89172435991554e-05,-0.0142679379185,1.01119856739356e-06,0.000144124831759383,-0.000266384444005883,0.0156271766686562
2203.79699118545,-0.000372324145142448,-0.000191001871708635,-9.76947137700999e-05,-0.0141688863140766,9.98532590289402e-07,0.00014312511577615,-0.000262727523343947,0.0155196017735552
2219.08065039887,-0.000367342924475173,-0.000188870276986527,-9.64853674286913e-05,-0.0140705324038463,9.86008174572101e-07,0.000142132425188985,-0.000259120806333279,0.0154127666451124
2234.47030405729,-0.000362426629565375,-0.000186769564930407,-9.52891180892998e-05,-0.013972871083711,9.73624225339884e-07,0.000141146708909591,-0.000255563603738651,0.0153066662118813
2249.9666872479,-0.000357574459901643,-0.000184699208351007,-9.41058780199274e-05,-0.0138758972902389,9.61379640870248e-07,0.00014016791625142,-0.000252055235786896,0.0152012954368546
2265.57054015586,-0.000352785623621151,-0.000182658689557524,-9.29355583201168e-05,-0.0137796060002914,9.49273313259539e-07,0.000139195996926062,-0.000248595032037043,0.0150966493172375
2281.28260809959,-0.000348059337449549,-0.000180647500190583,-9.17780689963533e-05,-0.0136839922306534,9.37304129040851e-07,0.000138230901039667,-0.000245182331252242,0.0149927228842222
2297.10364156645,-0.000343394826640252,-0.00017866514105784,-9.06333190350121e-05,-0.0135890510376677,9.25470969780681e-07,0.000137272579089406,-0.00024181648127344,0.0148895112027629
2313.0343962485,-0.00033879132491322,-0.00017671112197221,-8.95012164729244e-05,-0.0134947775168732,9.13772712655018e-07,0.000136320981959967,-0.000238496838894796,0.0147870093713538
2329.07563307866,-0.000334248074393215,-0.00017478496159267,-8.83816684656198e-05,-0.0134011668026463,9.02208231005349e-07,0.000135376060920089,-0.00023522276974079,0.0146852125218066
2345.22811826701,-0.00032976432554763,-0.000172886187267634,-8.72745813533129e-05,-0.0133082140678472,8.90776394875172e-07,0.000134437767619126,-0.000231993648145036,0.014584115819031
2361.49262333744,-0.000325339337123859,-0.000171014334880828,-8.61798607246843e-05,-0.0132159145234688,8.79476071527499e-07,0.000133506054083651,-0.000228808857030734,0.014483714460815
2377.86992516445,-0.000320972376086309,-0.00016916894869968,-8.50974114785284e-05,-0.0131242634182898,8.68306125943943e-07,0.000132580872714095,-0.000225667787792782,0.0143840036776077
2394.36080601029,-0.000316662717553019,-0.000167349581226154,-8.40271378833108e-05,-0.0130332560385311,8.57265421305774e-07,0.000131662176281413,-0.000222569840181489,0.014284978732303
2410.96605356231,-0.000312409644731991,-0.000165555793050023,-8.29689436347043e-05,-0.0129428877075162,8.46352819457587e-07,0.000130749917923798,-0.000219514422187895,0.0141866349200243
2427.6864609706,-0.000308212448857195,-0.000163787152704534,-8.19227319111491e-05,-0.0128531537853348,8.35567181353922e-07,0.000129844051143413,-0.000216500949930648,0.0140889675679109
2444.52282688584,-0.000304070429124333,-0.000162043236524448,-8.08884054274976e-05,-0.0127640496685101,8.24907367489433e-07,0.000128944529803165,-0.000213528847544452,0.0139919720349057
2461.4759554975,-0.000299982892626353,-0.000160323628506411,-7.98658664867896e-05,-0.0126755707896695,8.1437223831295e-07,0.000128051308123513,-0.000210597547070028,0.0138956437115438
2478.54665657221,-0.000295949154288764,-0.000158627920171628,-7.88550170302151e-05,-0.0125877126172186,8.03960654625977e-07,0.000127164340679307,-0.00020770648834559,0.013799978019743
2495.73574549243,-0.00029196853680478,-0.000156955710430829,-7.78557586853132e-05,-0.0125004706550191,7.93671477966032e-07,0.000126283582396653,-0.000204855118899815,0.0137049704125949
2513.04404329547,-0.000288040370570292,-0.000155306605451452,-7.68679928124489e-05,-0.0124138404420696,7.83503570975215e-07,0.000125408988549823,-0.000202042893846272,0.013610616374158
2530.47237671259,-0.00028416399361874,-0.00015368021852707,-7.58916205496288e-05,-0.0123278175521899,7.73455797754512e-07,0.000124540514758185,-0.000199269275779305,0.0135169114192513
2548.02157820863,-0.00028033875155586,-0.000152076169948979,-7.49265428556881e-05,-0.0122423975937086,7.63527024204143e-07,0.000123678116983172,-0.000196533734671337,0.0134238510932498
2565.69248602162,-0.000276563997494377,-0.000150494086879957,-7.39726605519059e-05,-0.012157576209154,7.53716118350444e-07,0.000122821751525275,-0.0001938357477716,0.013331430971881
2583.48594420295,-0.000272839091988623,-0.000148933603230134,-7.30298743620828e-05,-0.0120733490749484,7.44021950659591e-07,0.000121971375021076,-0.000191174799506226,0.0132396466610226
2601.4028026576,-0.000269163402969144,-0.000147394359534968,-7.20980849511339e-05,-0.011989711901105,7.3444339433862e-07,0.000121126944440304,-0.000188550381379739,0.0131484937965016
2619.4439171848,-0.000265536305677286,-0.00014587600283528,-7.11771929622306e-05,-0.011906660430929,7.24979325624034e-07,0.00012028841708292,-0.000185961991877876,0.0130579680438944
2637.61014951883,-0.000261957182599801,-0.000144378186559323,-7.02670990525389e-05,-0.0118241904407208,7.15628624058442e-07,0.000119455750576244,-0.000183409136371754,0.0129680650983286
2655.90236737027,-0.000258425423403481,-0.000142900570406868,-6.93677039275903e-05,-0.0117422977394827,7.06390172755506e-07,0.000118628902872092,-0.000180891327023341,0.0128787806842855
2674.32144446737,-0.000254940424869849,-0.000141442820235258,-6.84789083743264e-05,-0.0116609781686293,6.97262858653594e-07,0.000117807832243964,-0.00017840808269224,0.0127901105554043
2692.86826059784,-0.000251501590829918,-0.000140004607947413,-6.76006132928538e-05,-0.0115802276016997,6.88245572758433e-07,0.00011699249728424,-0.00017595892884373,0.0127020504942868
2711.54370165082,-0.000248108332099044,-0.000138585611381766,-6.67327197269499e-05,-0.0115000419440736,6.79337210375137e-07,0.000116182856901422,-0.000173543397458094,0.0126145963123046
2730.34865965925,-0.000244760066411885,-0.000137185514204076,-6.58751288933497e-05,-0.0114204171326903,6.70536671329851e-07,0.000115378870317392,-0.000171161026941168,0.0125277438494059
2749.28403284242,-0.000241456218357487,-0.000135804005801122,-6.50277422098575e-05,-0.0113413491357703,6.6184286018143e-07,0.000114580497064704,-0.000168811362036132,0.0124414889739249
2768.35072564895,-0.000238196219314505,-0.000134440781176224,-6.41904613223083e-05,-0.0112628339525401,6.53254686423329e-07,0.000113787696983904,-0.000166493953736507,0.0123558275823914
2787.54964879989,-0.000234979507386592,-0.000133095540846577,-6.33631881304227e-05,-0.0111848676129595,6.44771064676124e-07,0.000113000430220874,-0.000164208359200345,0.0122707555993426
2806.88171933232,-0.000231805527337948,-0.000131767990742372,-6.25458248125787e-05,-0.0111074461774524,6.36390914870839e-07,0.000112218657224204,-0.000161954141665597,0.0121862689771347
2826.34786064308,-0.00022867373052907,-0.000130457842107664,-6.17382738495403e-05,-0.0110305657366395,6.2811316242345e-07,0.000111442338742593,-0.000159730870366647,0.0121023636957572
2845.94900253294,-0.000225583574852688,-0.00012916481140298,-6.09404380471667e-05,-0.0109542224110749,6.19936738400767e-07,0.000110671435822274,-0.000157538120451981,0.0120190357626472
2865.68608125093,-0.000222534524669928,-0.000127888620209623,-6.01522205581411e-05,-0.0108784123509843,6.11860579678025e-07,0.000109905909804467,-0.000155375472902997,0.0119362812125056
2885.56003953913,-0.000219526050746694,-0.000126628995135653,-5.93735249027382e-05,-0.0108031317360067,6.03883629088368e-07,0.000109145722322856,-0.000153242514453923,0.0118540961071139
2905.57182667768,-0.000216557630190299,-0.000125385667723524,-5.86042549886712e-05,-0.0107283767749386,5.9600483556457e-07,0.000108390835301093,-0.000151138837512837,0.011772476535153
2925.72239853012,-0.000213628746386336,-0.00012415837435934,-5.78443151300333e-05,-0.0106541437054805,5.88223154273126e-07,0.000107641210950326,-0.000149064040083766,0.0116914186120219
2946.01271758903,-0.000210738888935822,-0.000122946856183717,-5.70936100653749e-05,-0.0105804287939869,5.80537546741079e-07,0.000106896811766754,-0.000147017725689865,0.0116109184796587
2966.44375302203,-0.000207887553592612,-0.000121750859004216,-5.63520449749305e-05,-0.0105072283352174,5.72946980975696e-07,0.000106157600529204,-0.000144999503297633,0.0115309723063622
2987.01648071805,-0.000205074242201101,-0.000120570133209329,-5.56195254970305e-05,-0.0104345386520923,5.65450431577311e-07,0.000105423540296737,-0.000143008987242191,0.0114515762866146
3007.73188333398,-0.000202298462634213,-0.000119404433683988,-5.48959577437178e-05,-0.0103623560954488,5.58046879845493e-07,0.000104694594406272,-0.000141045797153565,0.0113727266409058
3028.59095034155,-0.000199559728731706,-0.000118253519726579,-5.41812483155969e-05,-0.0102906770438016,5.50735313878797e-07,0.000103970726470236,-0.000139109557883994,0.0112944196155579
3049.59467807464,-0.000196857560238776,-0.00011711715496743,-5.34753043159374e-05,-0.0102194979031038,5.43514728668279e-07,0.000103251900374244,-0.000137199899436232,0.0112166514825519
3070.74406977686,-0.000194191482744999,-0.000115995107288759,-5.27780333640574e-05,-0.0101488151065126,5.36384126184999e-07,0.000102538080274793,-0.000135316456892833,0.0111394185393549
3092.04013564946,-0.000191561027623586,-0.000114887148746045,-5.20893436080061e-05,-0.0100786251141556,5.29342515461682e-07,0.000101829230596982,-0.000133458870346404,0.0110627171087483
3113.48389289956,-0.000188965731970995,-0.000113793055490812,-5.14091437365732e-05,-0.0100089244129002,5.22388912668773e-07,0.000101125316032262,-0.00013162678483083,0.0109865435386575
3135.07636578881,-0.000186405138546867,-0.000112712607694798,-5.07373429906403e-05,-0.00993970951612567,5.15522341185018e-07,0.000100426301536195,-0.000129819850253416,0.0109108942019825
3156.8185856822,-0.000183878795714338,-0.000111645589475483,-5.00738511739003e-05,-0.00987097696349694,5.08741831662819e-07,9.97321523262481e-05,-0.000128037721327994,0.0108357654964294
3178.71159109747,-0.00018138625738069,-0.000110591788822959,-4.94185786629625e-05,-0.00980272332074094,5.02046422088462e-07,9.90428338796016e-05,-0.000126280057508914,0.0107611538443436
3200.75642775457,-0.000178927082938382,-0.000109550997528119,-4.87714364168649e-05,-0.00973494517942547,4.95435157837478e-07,9.83583119309842e-05,-0.000124546522925973,0.010687055692543
3222.9541486257,-0.000176500837206443,-0.000108523011112141,-4.81323359860107e-05,-0.00966763915673989,4.88907091725222e-07,9.76785524705248e-05,-0.000122836786320211,0.0106134675121536
3245.30581398558,-0.000174107090372248,-0.000107507628757249,-4.75011895205512e-05,-0.00960080189527844,4.82461284052902e-07,9.700352174163e-05,-0.000121150520980607,0.0105403857984451
3267.81249146208,-0.00017174541793368,-0.000106504653238722,-4.68779097782298e-05,-0.00953443006282545,4.76096802649156e-07,9.63331862388791e-05,-0.000119487404681632,0.0104678070706678
3290.47525608724,-0.000169415400641668,-0.000105513890858147,-4.62624101317083e-05,-0.00946852035214299,4.69812722907396e-07,9.56675127059433e-05,-0.000117847119621669,0.0103957278718912
3313.29519034861,-0.000167116624443132,-0.000104535151377875,-4.5654604575389e-05,-0.00940306948076036,4.63608127818999e-07,9.50064681335217e-05,-0.000116229352362268,0.0103241447688428
3336.27338424092,-0.000164848680424314,-0.000103568247956672,-4.50544077317543e-05,-0.00933807419076613,4.57482108002557e-07,9.43500197573018e-05,-0.000114633793768243,0.0102530543517483
3359.41093531822,-0.000162611164754516,-0.000102612997086542,-4.44617348572342e-05,-0.00927353124860181,4.5143376172927e-07,9.36981350559361e-05,-0.000113060138948591,0.0101824532341728
3382.70894874623,-0.000160403678630241,-0.000101669218530709,-4.38765018476242e-05,-0.00920943744485798,4.45462194944673e-07,9.3050781749042e-05,-0.000111508087198216,0.0101123380528633
3406.16853735517,-0.000158225828219743,-0.000100736735262718,-4.32986252430626e-05,-0.00914578959407224,4.39566521286778e-07,9.24079277952183e-05,-0.000109977341940457,0.0100427054675916
3429.7908216929,-0.00015607722460799,-9.98153734066634e-05,-4.27280222325886e-05,-0.00908258453452935,4.33745862100816e-07,9.17695413900841e-05,-0.000108467610670411,0.00997355216099891
3453.57693007845,-0.000153957483742039,-9.89049621785065e-05,-4.21646106582891e-05,-0.00901981912806316,4.27999346450648e-07,9.11355909643341e-05,-0.00010697860489902,0.00990487483844104
3477.5279986559,-0.000151866226376834,-9.8005333828468e-05,-4.16083090190547e-05,-0.00895749025986076,4.22326111127016e-07,9.05060451818148e-05,-0.00010551004009794,0.00983667022783466
3501.64517144866,-0.000149803078021417,-9.71163235844822e-05,-4.10590364739554e-05,-0.00889559483826848,4.16725300652735e-07,8.98808729376192e-05,-0.000104061635645157,0.00976893507950471
3525.92960041413,-0.00014776766888557,-9.62377695966866e-05,-4.05167128452484e-05,-0.00883412979459973,4.11196067284924e-07,8.92600433561984e-05,-0.000102633114771354,0.00970166616603262
3550.38244549867,-0.000145759633826876,-9.5369512882938e-05,-3.99812586210346e-05,-0.00877309208294493,4.05737571014422e-07,8.86435257894943e-05,-0.000101224204507016,0.00963486028210572
3575.00487469309,-0.000143778612298208,-9.45113972753281e-05,-3.94525949575736e-05,-0.00871247867998318,4.00348979562472e-07,8.80312898150876e-05,-9.98346356302571e-05,0.00956851424436737
3599.79806408833,-0.00014182424829565,-9.36632693676902e-05,-3.89306436812706e-05,-0.00865228658479593,3.95029468374793e-07,8.74233052343659e-05,-9.84641426153659e-05,0.00950262489126841
3624.76319793175,-0.000139896190306838,-9.28249784640717e-05,-3.8415327290346e-05,-0.00859251281868229,3.89778220613136e-07,8.68195420707074e-05,-9.71124635820564e-05,0.0094371890829192
3649.9014686836,-0.000137994091259749,-9.1996376528164e-05,-3.79065689562031e-05,-0.00853315442497646,3.84594427144428e-07,8.62199705676851e-05,-9.57793402454192e-05,0.00937220370094304
3675.21407707406,-0.000136117608471904,-9.11773181336635e-05,-3.74042925244985e-05,-0.00847420846886662,3.79477286527594e-07,8.56245611872841e-05,-9.44645178665537e-05,0.00930766564833009
3700.7022321605,-0.000134266403600018,-9.03676604155581e-05,-3.6908422515934e-05,-0.00841567203721592,3.74426004998167e-07,8.50332846081405e-05,-9.31677452038852e-05,0.0092435718492927
3726.36715138533,-0.000132440142590075,-8.95672630223122e-05,-3.64188841267731e-05,-0.00835754223838493,3.6943979645075e-07,8.44461117237932e-05,-9.18887744651434e-05,0.00917991924912136
3752.21006063407,-0.000130638495627845,-8.87759880689449e-05,-3.59356032290993e-05,-0.00829981620205613,3.64517882419453e-07,8.38630136409559e-05,-9.06273612600067e-05,0.00911670481404178
3778.23219429398,-0.000128861137089826,-8.79937000909753e-05,-3.54585063708203e-05,-0.0082424910790598,3.5965949205636e-07,8.32839616778017e-05,-8.93832645533909e-05,0.00905392553107275
3804.43479531291,-0.000127107745494633,-8.72202659992304e-05,-3.49875207754325e-05,-0.00818556404120195,3.54863862108129e-07,8.27089273622689e-05,-8.81562466193851e-05,0.00899157840788522
3830.81911525882,-0.000125378003454815,-8.64555550354894e-05,-3.45225743415518e-05,-0.00812903228109352,3.50130236890791e-07,8.21378824303776e-05,-8.69460729958135e-05,0.00892966047266185
3857.3864143794,-0.000123671597629104,-8.569943872896e-05,-3.40635956422228e-05,-0.00807289301198169,3.45457868262851e-07,8.15707988245669e-05,-8.57525124394282e-05,0.00886816877395802
3884.13796166242,-0.000121988218675109,-8.49517908535627e-05,-3.36105139240121e-05,-0.00801714346758241,3.40846015596726e-07,8.1007648692044e-05,-8.45753368817102e-05,0.00880710038056325
3911.07503489621,-0.000120327561202438,-8.42124873860163e-05,-3.31632591058977e-05,-0.00796178090191488,3.36293945748644e-07,8.04484043831527e-05,-8.34143213852838e-05,0.00874645238136399
3938.19892073078,-0.00011868932372625,-8.34814064647047e-05,-3.27217617779601e-05,-0.00790680258913734,3.31800933027022e-07,7.98930384497531e-05,-8.22692441009235e-05,0.00868622188520689
3965.51091473924,-0.000117073208621252,-8.27584283493157e-05,-3.22859531998854e-05,-0.00785220582338472,3.27366259159452e-07,7.93415236436204e-05,-8.11398862251568e-05,0.00862640602076336
3993.0123214797,-0.000115478922076117,-8.20434353812323e-05,-3.1855765299286e-05,-0.00779798791860761,3.22989213258293e-07,7.87938329148561e-05,-8.00260319584436e-05,0.00856700193639466
4020.70445455755,-0.000113906174048344,-8.1336311944671e-05,-3.14311306698491e-05,-0.00774414620841297,3.18669091785006e-07,7.82499394103152e-05,-7.89274684639352e-05,0.00850800680001827
4048.58863668828,-0.000112354678219539,-8.06369444285442e-05,-3.10119825693183e-05,-0.00769067804590614,3.14405198513228e-07,7.77098164720479e-05,-7.78439858267949e-05,0.00844941779897473
4076.66619976054,-0.000110824151951134,-7.99452211890426e-05,-3.05982549173166e-05,-0.00763758080353467,3.10196844490705e-07,7.7173437635756e-05,-7.6775377014081e-05,0.00839123213989575
4104.93848489989,-0.000109314316240531,-7.92610325129178e-05,-3.0189882293017e-05,-0.00758485187293325,3.06043348000088e-07,7.66407766292629e-05,-7.57214378351768e-05,0.00833344704857285
4133.40684253274,-0.000107824895677673,-7.85842705814572e-05,-2.9786799932669e-05,-0.00753248866477053,3.01944034518702e-07,7.61118073709993e-05,-7.46819669027685e-05,0.00827605976982719
4162.07263245095,-0.000106355618402042,-7.79148294351349e-05,-2.93889437269849e-05,-0.00748048860859698,2.97898236677299e-07,7.55865039685009e-05,-7.36567655943538e-05,0.00821906756737993
4190.93722387671,-0.000104906216060084,-7.72526049389302e-05,-2.89962502183959e-05,-0.0074288491526946,2.9390529421788e-07,7.50648407169223e-05,-7.2645638014284e-05,0.00816246772372382
4220.00199552799,-0.000103476423763049,-7.65974947482973e-05,-2.86086565981792e-05,-0.00737756776392765,2.89964553950611e-07,7.4546792097562e-05,-7.16483909563225e-05,0.00810625753999527
4249.26833568435,-0.000102065980045263,-7.59493982757791e-05,-2.82261007034679e-05,-0.00732664192759513,2.86075369709915e-07,7.40323327764042e-05,-7.06648338667223e-05,0.00805043433584756
4278.73764225332,-0.000100674626822811,-7.53082166582481e-05,-2.78485210141442e-05,-0.00727606914728438,2.82237102309755e-07,7.352143760267e-05,-6.96947788078055e-05,0.00799499544932472
4308.41132283705,-9.93021093526427e-05,-7.46738527247687e-05,-2.74758566496251e-05,-0.00722584694472626,2.78449119498178e-07,7.30140816073864e-05,-6.87380404220477e-05,0.00793993823673635
4338.2907947997,-9.7948176192091e-05,-7.40462109650637e-05,-2.71080473655433e-05,-0.00717597285965153,2.74710795911154e-07,7.25102400019638e-05,-6.77944358966507e-05,0.00788526007253316
4368.37748533501,-9.66125791588083e-05,-7.34251974985796e-05,-2.67450335503323e-05,-0.0071264444496487,2.71021513025767e-07,7.20098881767908e-05,-6.68637849286067e-05,0.00783095834918351
4398.67283153455,-9.52950732911088e-05,-7.28107200441344e-05,-2.63867562217145e-05,-0.00707725929002304,2.67380659112776e-07,7.1513001699838e-05,-6.59459096902372e-05,0.00777703047705052
4429.17828045629,-9.39954168087282e-05,-7.22026878901419e-05,-2.60331570231055e-05,-0.00702841497365713,2.63787629188618e-07,7.10195563152777e-05,-6.504063479521e-05,0.00772347388427035
4459.89528919383,-9.27133710739834e-05,-7.16010118653981e-05,-2.56841782199309e-05,-0.00697990911087246,2.60241824966861e-07,7.05295279421133e-05,-6.41477872650176e-05,0.00767028601663085
4490.82532494586,-9.14487005533449e-05,-7.10056043104228e-05,-2.53397626958672e-05,-0.00693173932929249,2.56742654809179e-07,7.00428926728237e-05,-6.32671964959213e-05,0.00761746433745148
4521.96986508636,-9.02011727794058e-05,-7.0416379049342e-05,-2.49998539490059e-05,-0.00688390327370689,2.53289533675848e-07,6.95596267720175e-05,-6.23986942263443e-05,0.00756500632746364
4553.33039723509,-8.8970558313258e-05,-6.98332513623064e-05,-2.46643960879494e-05,-0.00683639860593706,2.49881883075835e-07,6.90797066751019e-05,-6.15421145047162e-05,0.00751290948469207
4584.90841932869,-8.77566307072608e-05,-6.92561379584302e-05,-2.43333338278391e-05,-0.00678922300470283,2.4651913101649e-07,6.86031089869607e-05,-6.06972936577562e-05,0.00746117132433685
4616.7054396922,-8.65591664682121e-05,-6.86849569492468e-05,-2.40066124863231e-05,-0.00674237416549055,2.43200711952885e-07,6.81298104806469e-05,-5.98640702591949e-05,0.0074097893786564
4648.72297711114,-8.53779450209071e-05,-6.81196278226648e-05,-2.3684177979464e-05,-0.0066958498004221,2.39926066736822e-07,6.76597880960849e-05,-5.90422850989216e-05,0.00735876119685097
4680.96256090399,-8.42127486720938e-05,-6.75600714174232e-05,-2.33659768175942e-05,-0.0066496476381254,2.36694642565565e-07,6.71930189387859e-05,-5.82317811525596e-05,0.00730808434494726
4713.42573099534,-8.30633625748122e-05,-6.70062098980274e-05,-2.30519561011188e-05,-0.0066037654236059,2.33505892930291e-07,6.67294802785731e-05,-5.74324035514551e-05,0.00725775640568343
4746.11403798933,-8.19295746931245e-05,-6.64579667301665e-05,-2.27420635162725e-05,-0.00655820091811933,2.30359277564318e-07,6.62691495483204e-05,-5.66439995530822e-05,0.00720777497839529
4779.02904324382,-8.08111757672239e-05,-6.5915266656594e-05,-2.24362473308314e-05,-0.00651295189904551,2.2725426239112e-07,6.58120043426995e-05,-5.58664185118498e-05,0.00715813767890283
4812.17231894485,-7.97079592789295e-05,-6.5378035673471e-05,-2.21344563897853e-05,-0.0064680161597635,2.24190319472173e-07,6.53580224169412e-05,-5.50995118503144e-05,0.00710884213939789
4845.54544818188,-7.86197214175541e-05,-6.48462010071567e-05,-2.18366401109723e-05,-0.00642339150952759,2.21166926954632e-07,6.4907181685605e-05,-5.43431330307834e-05,0.0070598860083323
4879.1500250233,-7.75462610461514e-05,-6.43196910914433e-05,-2.15427484806779e-05,-0.00637907577334466,2.18183569018892e-07,6.4459460221361e-05,-5.35971375273113e-05,0.00701126695030691
4912.98765459257,-7.64873796681359e-05,-6.37984355452237e-05,-2.12527320492045e-05,-0.00633506679185255,2.15239735826043e-07,6.40148362537824e-05,-5.286138279808e-05,0.00696298264596137
4947.05995314498,-7.54428813942691e-05,-6.32823651505839e-05,-2.09665419264105e-05,-0.00629136242119944,2.12334923465229e-07,6.35732881681481e-05,-5.21357282581567e-05,0.00691503079186455
4981.36854814472,-7.44125729100181e-05,-6.27714118313145e-05,-2.06841297772246e-05,-0.00624796053292448,2.09468633900971e-07,6.31347945042565e-05,-5.14200352526286e-05,0.00686740910040584
5015.91507834275,-7.33962634432743e-05,-6.22655086318306e-05,-2.04054478171365e-05,-0.0062048590138393,2.06640374920424e-07,6.26993339552482e-05,-5.07141670301031e-05,0.00682011529968698
5050.70119385496,-7.23937647324376e-05,-6.17645896964949e-05,-2.01304488076667e-05,-0.00616205576591078,2.03849660080643e-07,6.22668853664416e-05,-5.00179887165756e-05,0.00677314713341487
5085.72855624109,-7.14048909948551e-05,-6.12685902493343e-05,-1.98590860518179e-05,-0.00611954870614461,2.01096008655828e-07,6.18374277341757e-05,-4.93313672896522e-05,0.00672650236079484
5120.998838584,-7.0429458895621e-05,-6.07774465741442e-05,-1.95913133895114e-05,-0.00607733576647017,1.98378945584607e-07,6.14109402046652e-05,-4.86541715531303e-05,0.00668017875642486
5156.51372556965,-6.94672875167242e-05,-6.02910959949721e-05,-1.93270851930088e-05,-0.00603541489362615,1.95698001417343e-07,6.09874020728642e-05,-4.79862721119246e-05,0.00663417411019029
5192.27491356752,-6.85181983265513e-05,-5.98094768569744e-05,-1.90663563623225e-05,-0.00599378404904743,1.9305271226351e-07,6.05667927813405e-05,-4.73275413473403e-05,0.00658848622715947
5228.28411071172,-6.75820151497323e-05,-5.93325285076377e-05,-1.88090823206175e-05,-0.00595244120875273,1.90442619739135e-07,6.01490919191591e-05,-4.66778533926834e-05,0.00654311292747987
5264.54303698245,-6.66585641373352e-05,-5.88601912783601e-05,-1.8555219009605e-05,-0.00591138436323348,1.87867270914326e-07,5.97342792207758e-05,-4.60370841092082e-05,0.00649805204627511
5301.0534242883,-6.57476737373979e-05,-5.83924064663831e-05,-1.8304722884931e-05,-0.00587061151734342,1.85326218260915e-07,5.93223345649397e-05,-4.54051110623927e-05,0.00645330143354252
5337.81701654885,-6.4849174665803e-05,-5.79291163170696e-05,-1.80575509115619e-05,-0.00583012069018939,1.82819019600213e-07,5.89132379736062e-05,-4.47818134985423e-05,0.0064088589540515
5374.83556977805,-6.39628998774843e-05,-5.74702640065197e-05,-1.78136605591675e-05,-0.00578990991502291,1.80345238050893e-07,5.85069696108577e-05,-4.41670723217117e-05,0.00636472248724245
5412.11085216805,-6.308868453797e-05,-5.70157936245199e-05,-1.7573009797505e-05,-0.00574997723913282,1.77904441977036e-07,5.81035097818353e-05,-4.35607700709472e-05,0.00632088992712655
5449.64464417369,-6.2226365995252e-05,-5.65656501578166e-05,-1.73355570918037e-05,-0.00571032072373874,1.75496204936317e-07,5.7702838931678e-05,-4.29627908978379e-05,0.00627735918218599
5487.43873859751,-6.13757837519862e-05,-5.61197794737112e-05,-1.71012613981543e-05,-0.00567093844388562,1.73120105628386e-07,5.73049376444727e-05,-4.23730205443782e-05,0.00623412817527511
5525.49494067543,-6.05367794380127e-05,-5.5678128303967e-05,-1.68700821589015e-05,-0.00563182848833899,1.70775727843405e-07,5.69097866422108e-05,-4.17913463211319e-05,0.006191194843522
5563.81506816292,-5.97091967832014e-05,-5.52406442290253e-05,-1.66419792980449e-05,-0.00559298895948132,1.68462660410811e-07,5.65173667837563e-05,-4.12176570856981e-05,0.00614855713823096
5602.40095142188,-5.88928815906112e-05,-5.48072756625219e-05,-1.64169132166456e-05,-0.0055544179732091,1.6618049714826e-07,5.61276590638204e-05,-4.06518432214708e-05,0.00610621302478538
5641.254433508,-5.80876817099695e-05,-5.43779718361013e-05,-1.61948447882432e-05,-0.00551611365883102,1.63928836810802e-07,5.57406446119464e-05,-4.00937966166922e-05,0.00606416048255155
5680.37737025889,-5.72934470114591e-05,-5.39526827845194e-05,-1.59757353542831e-05,-0.00547807415896671,1.61707283040278e-07,5.53563046915013e-05,-3.95434106437912e-05,0.00602239750478285
5719.77163038263,-5.65100293598189e-05,-5.35313593310332e-05,-1.57595467195551e-05,-0.00544029762944674,1.59515444314953e-07,5.49746206986788e-05,-3.90005801390087e-05,0.00598092209852483
5759.43909554709,-5.57372825887475e-05,-5.31139530730675e-05,-1.55462411476447e-05,-0.00540278223921306,1.57352933899391e-07,5.45955741615071e-05,-3.84652013822989e-05,0.00593973228452075
5799.38166046975,-5.49750624756135e-05,-5.27004163681581e-05,-1.53357813563994e-05,-0.0053655261702207,1.55219369794589e-07,5.42191467388682e-05,-3.79371720775103e-05,0.00589882609711783
5839.60123300829,-5.42232267164636e-05,-5.22907023201618e-05,-1.51281305134086e-05,-0.00532852761733993,1.53114374688366e-07,5.38453202195229e-05,-3.74163913328359e-05,0.00585820158417415
5880.09973425162,-5.34816349013314e-05,-5.18847647657319e-05,-1.4923252231501e-05,-0.00529178478825957,1.51037575906027e-07,5.34740765211463e-05,-3.69027596415336e-05,0.00581785680696616
5920.87909861173,-5.27501484898383e-05,-5.14825582610502e-05,-1.47211105642578e-05,-0.00525529590339086,1.48988605361294e-07,5.31053976893689e-05,-3.63961788629102e-05,0.00577778984009676
5961.94127391598,-5.20286307870893e-05,-5.10840380688155e-05,-1.45216700015455e-05,-0.00521905919577239,1.46967099507531e-07,5.27392658968281e-05,-3.58965522035679e-05,0.00573799877140418
6003.28822150028,-5.1316946919855e-05,-5.06891601454777e-05,-1.43248954650663e-05,-0.00518307291097556,1.44972699289247e-07,5.23756634422252e-05,-3.54037841989059e-05,0.00569848170187117
6044.92191630263,-5.06149638130427e-05,-5.02978811287189e-05,-1.41307523039292e-05,-0.00514733530701114,1.43005050093907e-07,5.20145727493926e-05,-3.49177806948792e-05,0.00565923674553519
6086.84434695757,-4.99225501664484e-05,-4.99101583251713e-05,-1.3939206290241e-05,-0.00511184465423633,1.4106380170403e-07,5.16559763663661e-05,-3.44384488300046e-05,0.0056202620293988
6129.05751589107,-4.92395764317924e-05,-4.95259496983724e-05,-1.37502236147197e-05,-0.00507659923526282,1.39148608249606e-07,5.1299856964468e-05,-3.39656970176164e-05,0.00558155569334106
6171.56343941625,-4.85659147900287e-05,-4.9145213856948e-05,-1.35637708823292e-05,-0.00504159734486548,1.37259128160816e-07,5.09461973373943e-05,-3.34994349283636e-05,0.00554311589002915
6214.36414782964,-4.79014391289339e-05,-4.87679100430227e-05,-1.33798151079374e-05,-0.00500683728989193,1.35395024121074e-07,5.05949804003127e-05,-3.30395734729499e-05,0.00550494078483093
6257.46168550822,-4.72460250209642e-05,-4.83939981208512e-05,-1.31983237119978e-05,-0.0049723173891727,1.33555963020389e-07,5.02461891889651e-05,-3.25860247851072e-05,0.00546702855572779
6300.85811100697,-4.65995497013849e-05,-4.80234385656671e-05,-1.3019264516255e-05,-0.00493803597343237,1.3174161590905e-07,4.98998068587802e-05,-3.21387022048067e-05,0.00542937739322835
6344.55549715731,-4.59618920466637e-05,-4.76561924527439e-05,-1.28426057394751e-05,-0.00490399138520122,1.29951657951639e-07,4.95558166839905e-05,-3.16975202616975e-05,0.00539198550028253
6388.55593116599,-4.53329325531311e-05,-4.72922214466665e-05,-1.26683159932023e-05,-0.00487018197872778,1.28185768381386e-07,4.92142020567594e-05,-3.12623946587747e-05,0.00535485109219641
6432.86151471492,-4.47125533158982e-05,-4.69314877908057e-05,-1.24963642775396e-05,-0.004836606119892,1.26443630454845e-07,4.88749464863131e-05,-3.08332422562697e-05,0.00531797239654743
6477.47436406142,-4.41006380080364e-05,-4.65739542969957e-05,-1.23267199769577e-05,-0.00480326218611921,1.24724931406926e-07,4.8538033598081e-05,-3.0409981055764e-05,0.00528134765310041
6522.39661013943,-4.34970718600094e-05,-4.6219584335406e-05,-1.21593528561299e-05,-0.00477014856629472,1.23029362406252e-07,4.82034471328421e-05,-2.99925301845191e-05,0.00524497511372393
6567.63039866118,-4.29017416393611e-05,-4.58683418246097e-05,-1.19942330557944e-05,-0.00473726366067923,1.21356618510878e-07,4.78711709458794e-05,-2.95808098800225e-05,0.00520885304230746
6613.17789021977,-4.23145356306514e-05,-4.55201912218384e-05,-1.18313310886443e-05,-0.0047046058808248,1.19706398624342e-07,4.75411890061399e-05,-2.91747414747459e-05,0.00517297971467886
6659.0412603923,-4.17353436156415e-05,-4.51750975134254e-05,-1.16706178352463e-05,-0.00467217364949165,1.18078405452078e-07,4.72134853954028e-05,-2.87742473811127e-05,0.00513735341852264
6705.22269984387,-4.11640568537219e-05,-4.4833026205429e-05,-1.1512064539987e-05,-0.00463996540056548,1.16472345458166e-07,4.6888044307453e-05,-2.8379251076671e-05,0.00510197245329859
6751.7244144321,-4.06005680625852e-05,-4.44939433144362e-05,-1.1355642807049e-05,-0.00460797957897568,1.14887928822455e-07,4.65648500472624e-05,-2.79896770894716e-05,0.00506683513016117
6798.54862531261,-4.00447713991361e-05,-4.41578153585411e-05,-1.1201324596415e-05,-0.00457621464061397,1.13324869398017e-07,4.62438870301768e-05,-2.76054509836458e-05,0.00503193977187917
6845.69756904508,-3.94965624406403e-05,-4.38246093484943e-05,-1.1049082219903e-05,-0.0045446690522539,1.11782884668979e-07,4.59251397811104e-05,-2.72264993451809e-05,0.00499728471275619
6893.17349769999,-3.89558381661072e-05,-4.34942927790231e-05,-1.08988883372296e-05,-0.00451334129147091,1.10261695708699e-07,4.5608592933746e-05,-2.68527497678927e-05,0.00496286829855154
6940.97867896634,-3.84224969379038e-05,-4.31668336203142e-05,-1.07507159521044e-05,-0.00448222984656303,1.08761027138298e-07,4.52942312297416e-05,-2.64841308395883e-05,0.0049286888864016
6989.11539625983,-3.78964384835991e-05,-4.28422003096611e-05,-1.06045384083541e-05,-0.00445133321647228,1.07280607085569e-07,4.49820395179438e-05,-2.61205721284205e-05,0.0048947448447419
7037.58594883204,-3.73775638780344e-05,-4.25203617432679e-05,-1.04603293860768e-05,-0.00442064991070665,1.05820167144222e-07,4.46720027536072e-05,-2.57620041694292e-05,0.00486103455322952
7086.39265188015,-3.68657755256187e-05,-4.22012872682118e-05,-1.03180628978283e-05,-0.00439017844926277,1.04379442333509e-07,4.43641059976201e-05,-2.5408358451267e-05,0.00482755640266624
7135.53783665763,-3.63609771428448e-05,-4.18849466745557e-05,-1.01777132848367e-05,-0.00435991736254914,1.02958171058194e-07,4.40583344157358e-05,-2.5059567403108e-05,0.00479430879492197
7185.02385058548,-3.58630737410262e-05,-4.15713101876127e-05,-1.0039255213251e-05,-0.00432986519131004,1.01556095068901e-07,4.37546732778115e-05,-2.47155643817354e-05,0.00476129014285896
7234.85305736446,-3.53719716092489e-05,-4.12603484603565e-05,-9.90266367041793e-06,-0.00430002048654996,1.00172959422805e-07,4.34531079570511e-05,-2.43762836588069e-05,0.00472849887025625
7285.02783708791,-3.48875782975399e-05,-4.09520325659763e-05,-9.76791396119213e-06,-0.0042703818094588,9.88085124446976e-08,4.31536239292564e-05,-2.40416604082953e-05,0.00469593341173493
7335.55058635552,-3.44098026002455e-05,-4.06463339905729e-05,-9.6349817042762e-06,-0.00424094773133747,9.74625056884065e-08,4.28562067720815e-05,-2.37116306941002e-05,0.00466359221268362
7386.42371838768,-3.39385545396214e-05,-4.03432246259938e-05,-9.50384282859323e-06,-0.00421171683352423,9.61346938985775e-08,4.25608421642962e-05,-2.33861314578317e-05,0.00463147372918469
7437.64966314091,-3.34737453496275e-05,-4.00426767628031e-05,-9.37447356968981e-06,-0.00418268770732156,9.48248349728159e-08,4.22675158850519e-05,-2.30651005067598e-05,0.00459957642794081
7489.23086742376,-3.30152874599301e-05,-3.97446630833861e-05,-9.2468504661715e-06,-0.00415385895392367,9.35326899241896e-08,4.19762138131564e-05,-2.27484765019311e-05,0.00456789878620215
7541.16979501382,-3.25630944801046e-05,-3.94491566551833e-05,-9.12095035616911e-06,-0.00412522918434444,9.2258022844087e-08,4.16869219263517e-05,-2.2436198946447e-05,0.00453643929169393
7593.46892677528,-3.21170811840401e-05,-3.91561309240538e-05,-8.99675037383713e-06,-0.00409679701934617,9.10006008654375e-08,4.13996263006e-05,-2.21282081739044e-05,0.00450519644254461
7646.13076077758,-3.16771634945399e-05,-3.88655597077624e-05,-8.87422794588341e-06,-0.00406856108936861,8.97601941262853e-08,4.11143131093724e-05,-2.18244453369935e-05,0.0044741687472144
7699.15781241454,-3.124325846812e-05,-3.85774171895924e-05,-8.75336078813081e-06,-0.00404052003445887,8.85365757337237e-08,4.08309686229466e-05,-2.1524852396254e-05,0.00444335472442446
7752.55261452471,-3.08152842799987e-05,-3.82916779120766e-05,-8.63412690211006e-06,-0.00401267250420157,8.73295217281797e-08,4.05495792077064e-05,-2.12293721089833e-05,0.00441275290308637
7806.31771751215,-3.03931602092791e-05,-3.80083167708491e-05,-8.51650457168478e-06,-0.00398501715764978,8.61388110480583e-08,4.027013132545e-05,-2.09379480182997e-05,0.00438236182223227
7860.45568946846,-2.99768066243187e-05,-3.77273090086115e-05,-8.40047235970744e-06,-0.00395755266325639,8.49642254947342e-08,3.99926115327014e-05,-2.06505244423533e-05,0.00435218003094532
7914.96911629522,-2.9566144968288e-05,-3.74486302092137e-05,-8.28600910470756e-06,-0.00393027769880605,8.38055496979006e-08,3.97170064800283e-05,-2.03670464636869e-05,0.00432220608829077
7969.86060182773,-2.9161097744911e-05,-3.71722562918465e-05,-8.17309391761069e-06,-0.00390319095134761,8.2662571081263e-08,3.94433029113648e-05,-2.00874599187412e-05,0.00429243856324738
8025.13276795918,-2.87615885043904e-05,-3.68981635053434e-05,-8.06170617848952e-06,-0.0038762911171272,8.15350798285871e-08,3.91714876633395e-05,-1.98117113875064e-05,0.0042628760346394
8080.78825476607,-2.83675418295109e-05,-3.66263284225896e-05,-7.95182553334579e-06,-0.00384957690152166,8.04228688500889e-08,3.89015476646088e-05,-1.95397481833131e-05,0.00423351709106895
8136.82972063413,-2.79788833219227e-05,-3.63567279350367e-05,-7.84343189092393e-06,-0.00382304701897267,7.93257337491753e-08,3.8633469935196e-05,-1.92715183427659e-05,0.00420436033084891
8193.25984238548,-2.75955395885985e-05,-3.60893392473207e-05,-7.73650541955555e-06,-0.00379670019292125,7.82434727895246e-08,3.83672415858336e-05,-1.90069706158134e-05,0.00417540436193623
8250.08131540631,-2.72174382284672e-05,-3.58241398719804e-05,-7.63102654403549e-06,-0.00377053515574291,7.71758868625135e-08,3.81028498173134e-05,-1.87460544559556e-05,0.00414664780186573
8307.29685377578,-2.68445078192168e-05,-3.55611076242759e-05,-7.52697594252834e-06,-0.00374455064868313,7.61227794549807e-08,3.78402819198391e-05,-1.8488720010585e-05,0.00411808927768428
8364.90919039556,-2.64766779042687e-05,-3.53002206171042e-05,-7.42433454350648e-06,-0.00371874542179356,7.50839566173333e-08,3.75795252723857e-05,-1.82349181114612e-05,0.00408972742588557
8422.92107712043,-2.61138789799193e-05,-3.50414572560097e-05,-7.32308352271828e-06,-0.00369311823386848,7.40592269319858e-08,3.73205673420623e-05,-1.79846002653152e-05,0.00406156089234514
8481.33528488963,-2.57560424826473e-05,-3.47847962342893e-05,-7.22320430018774e-06,-0.00366766785238199,7.304840148214e-08,3.70633956834815e-05,-1.77377186445837e-05,0.00403358833225605
8540.15460385936,-2.54031007765845e-05,-3.45302165281878e-05,-7.12467853724389e-06,-0.00364239305342546,7.20512938208908e-08,3.6807997938132e-05,-1.74942260782697e-05,0.00400580841006478
8599.38184353586,-2.50549871411491e-05,-3.42776973921849e-05,-7.0274881335812e-06,-0.00361729262164567,7.10677199406701e-08,3.65543618337571e-05,-1.72540760429296e-05,0.00397821979940778
8659.01983290984,-2.4711635758838e-05,-3.40272183543687e-05,-6.93161522434996e-06,-0.00359236535018326,7.00974982430144e-08,3.63024751837371e-05,-1.70172226537826e-05,0.00395082118304828
8719.07142059136,-2.43729817031778e-05,-3.37787592118976e-05,-6.83704217727704e-06,-0.00356761004061177,6.91404495086634e-08,3.60523258864779e-05,-1.67836206559441e-05,0.00392361125281365
8779.53947494611,-2.40389609268311e-05,-3.35323000265447e-05,-6.7437515898163e-06,-0.0035430255028771,6.81963968679798e-08,3.58039019248018e-05,-1.65532254157774e-05,0.00389658870953309
8840.42688423224,-2.37095102498577e-05,-3.32878211203276e-05,-6.65172628632924e-06,-0.00351861055523743,6.72651657716956e-08,3.55571913653457e-05,-1.63259929123657e-05,0.00386975226297584
8901.73655673848,-2.33845673481268e-05,-3.30453030712181e-05,-6.56094931529491e-06,-0.00349436402420364,6.63465839619748e-08,3.53121823579618e-05,-1.61018797291005e-05,0.00384310063178975
8963.47142092288,-2.30640707418816e-05,-3.2804726708933e-05,-6.47140394654974e-06,-0.00347028474448015,6.54404814437987e-08,3.50688631351242e-05,-1.58808430453853e-05,0.00381663254344029
9025.63442555289,-2.27479597844502e-05,-3.2566073110802e-05,-6.38307366855631e-06,-0.00344637155890621,6.45466904566632e-08,3.48272220113386e-05,-1.56628406284538e-05,0.00379034673414998
9088.228539846,-2.2436174651105e-05,-3.2329323597714e-05,-6.29594218570171e-06,-0.00342262331839771,6.36650454465941e-08,3.45872473825585e-05,-1.54478308252998e-05,0.00376424194883822
9151.25675361174,-2.21286563280659e-05,-3.20944597301372e-05,-6.20999341562438e-06,-0.00339903888188934,6.27953830384685e-08,3.43489277256034e-05,-1.52357725547185e-05,0.00373831694106153
9214.72207739435,-2.18253466016481e-05,-3.18614633042145e-05,-6.12521148657036e-06,-0.00337561711627725,6.19375420086517e-08,3.41122515975837e-05,-1.50266252994565e-05,0.00371257047295424
9278.6275426167,-2.15261880475491e-05,-3.16303163479304e-05,-6.04158073477758e-06,-0.00335235689636212,6.10913632579357e-08,3.38772076353281e-05,-1.48203490984699e-05,0.00368700131516952
9342.97620172496,-2.12311240202781e-05,-3.14010011173494e-05,-5.95908570188911e-06,-0.00332925710479273,6.02566897847849e-08,3.36437845548167e-05,-1.46169045392887e-05,0.00366160824682089
9407.77112833456,-2.09400986427207e-05,-3.11735000929237e-05,-5.87771113239422e-06,-0.00330631663200981,5.94333666588826e-08,3.34119711506173e-05,-1.44162527504858e-05,0.00363639005542401
9473.0154173768,-2.06530567958426e-05,-3.09477959758698e-05,-5.79744197109793e-06,-0.00328353437619053,5.86212409949795e-08,3.3181756295327e-05,-1.42183553942496e-05,0.00361134553683906
9538.71218524687,-2.03699441085251e-05,-3.07238716846114e-05,-5.71826336061797e-06,-0.00326090924319322,5.78201619270356e-08,3.29531289390169e-05,-1.40231746590585e-05,0.00358647349521328
9604.86456995261,-2.00907069475356e-05,-3.05017103512884e-05,-5.6401606389098e-06,-0.00323844014650258,5.70299805826608e-08,3.27260781086817e-05,-1.3830673252456e-05,0.00356177274292409
9671.47573126437,-1.98152924076287e-05,-3.02812953183305e-05,-5.56311933681895e-06,-0.00321612600717539,5.62505500578461e-08,3.25005929076936e-05,-1.36408143939248e-05,0.00353724210052255
9738.54885086602,-1.95436483017768e-05,-3.00626101350931e-05,-5.48712517566049e-06,-0.00319396575378646,5.54817253919846e-08,3.22766625152592e-05,-1.34535618078591e-05,0.00351288039667711
9806.08713250685,-1.92757231515288e-05,-2.98456385545564e-05,-5.4121640648259e-06,-0.00317195832237514,5.47233635431816e-08,3.20542761858823e-05,-1.3268879716633e-05,0.00348868646811791
9874.09380215466,-1.90114661774951e-05,-2.96303645300839e-05,-5.33822209941639e-06,-0.00315010265639216,5.39753233638479e-08,3.18334232488284e-05,-1.30867328337642e-05,0.0034646591595813
9942.57210814976,-1.87508272899585e-05,-2.94167722122412e-05,-5.26528555790328e-06,-0.00312839770664687,5.32374655765776e-08,3.16140931075954e-05,-1.2907086357172e-05,0.00344079732375489
10011.5253213603,-1.84937570796064e-05,-2.92048459456732e-05,-5.19334089981444e-06,-0.00310684243125494,5.25096527503043e-08,3.13962752393869e-05,-1.27299059625268e-05,0.00341709982122281
10080.9567353381,-1.8240206808387e-05,-2.89945702660385e-05,-5.12237476344734e-06,-0.00308543579558635,5.17917492767367e-08,3.117995919459e-05,-1.25551577966918e-05,0.00339356552041152
10150.8696664767,-1.79901284004838e-05,-2.8785929896999e-05,-5.05237396360777e-06,-0.00306417677221387,5.10836213470684e-08,3.09651345962566e-05,-1.23828084712548e-05,0.00337019329753584
10221.267454169,-1.77434744334108e-05,-2.85789097472667e-05,-4.98332548937467e-06,-0.00304306434086187,5.0385136928961e-08,3.07517911395889e-05,-1.2212825056148e-05,0.00334698203654549
10292.1534609671,-1.75001981292226e-05,-2.83734949077017e-05,-4.91521650189033e-06,-0.00302209748835555,4.96961657437967e-08,3.05399185914289e-05,-1.20451750733561e-05,0.00332393062907183
10363.5310727429,-1.72602533458427e-05,-2.8169670648466e-05,-4.84803433217616e-06,-0.0030012752085705,4.90165792442005e-08,3.0329506789751e-05,-1.18798264907106e-05,0.00330103797437511
10435.4036988501,-1.70235945685041e-05,-2.79674224162264e-05,-4.78176647897347e-06,-0.0029805965023827,4.8346250591825e-08,3.01205456431589e-05,-1.1716747715769e-05,0.00327830297929204
10507.7747722864,-1.67901769013043e-05,-2.77667358314107e-05,-4.71640060660934e-06,-0.00296006037761885,4.76850546354013e-08,2.99130251303864e-05,-1.15559075897785e-05,0.00325572455818367
10580.647749858,-1.65599560588703e-05,-2.75675966855125e-05,-4.65192454288705e-06,-0.00293966584900708,4.70328678890469e-08,2.97069352998013e-05,-1.13972753817223e-05,0.00323330163288367
10654.0261123446,-1.63328883581354e-05,-2.73699909384449e-05,-4.58832627700135e-06,-0.00291941193812804,4.63895685108352e-08,2.95022662689135e-05,-1.12408207824476e-05,0.00321103313264698
10727.9133646656,-1.61089307102226e-05,-2.71739047159429e-05,-4.5255939574776e-06,-0.00289929767336636,4.57550362816166e-08,2.92990082238863e-05,-1.10865138988742e-05,0.00318891799409876
10802.3130360475,-1.58880406124373e-05,-2.69793243070126e-05,-4.46371589013543e-06,-0.00287932208986244,4.51291525840964e-08,2.90971514190521e-05,-1.09343252482831e-05,0.00316695516118376
10877.2286801926,-1.56701761403642e-05,-2.67862361614259e-05,-4.40268053607595e-06,-0.00285948422946462,4.45118003821598e-08,2.88966861764302e-05,-1.07842257526825e-05,0.00314514358511593
10952.6638754485,-1.54552959400698e-05,-2.65946268872616e-05,-4.34247650969277e-06,-0.00283978314068172,4.39028642004478e-08,2.86976028852502e-05,-1.06361867332523e-05,0.00312348222432851
11028.6222249794,-1.5243359220408e-05,-2.640448324849e-05,-4.28309257670645e-06,-0.00282021787863589,4.3302230104177e-08,2.84998920014769e-05,-1.0490179904864e-05,0.00310197004442436
11105.1073569377,-1.50343257454271e-05,-2.62157921626013e-05,-4.22451765222213e-06,-0.0028007875050159,4.27097856792036e-08,2.83035440473403e-05,-1.03461773706762e-05,0.00308060601812664
11182.1229246378,-1.4828155826878e-05,-2.60285406982769e-05,-4.16674079881012e-06,-0.00278149108803062,4.2125420012327e-08,2.81085496108678e-05,-1.02041516168044e-05,0.0030593891252299
11259.6726067303,-1.46248103168215e-05,-2.58427160731021e-05,-4.10975122460948e-06,-0.00276232770236303,4.15490236718341e-08,2.79148993454208e-05,-1.00640755070635e-05,0.00303831835255144
11337.7601073777,-1.44242506003335e-05,-2.56583056513204e-05,-4.05353828145382e-06,-0.00274329642912439,4.09804886882765e-08,2.77225839692342e-05,-9.92592227778322e-06,0.00301739269388299
11416.3891564316,-1.42264385883076e-05,-2.54752969416275e-05,-3.99809146301984e-06,-0.00272439635580894,4.04197085354843e-08,2.75315942649593e-05,-9.78966553269395e-06,0.00299661114994279
11495.5635096105,-1.40313367103523e-05,-2.52936775950053e-05,-3.94340040299769e-06,-0.00270562657624874,3.98665781118086e-08,2.73419210792103e-05,-9.65527923788318e-06,0.00297597272832792
11575.2869486794,-1.38389079077838e-05,-2.51134354025942e-05,-3.8894548732835e-06,-0.00268698619056901,3.93209937215948e-08,2.71535553221143e-05,-9.5227377168213e-06,0.00295547644346707
11655.5632816306,-1.36491156267105e-05,-2.49345582936036e-05,-3.83624478219339e-06,-0.00266847430514365,3.87828530568806e-08,2.69664879668632e-05,-9.39201564545525e-06,0.00293512131657344
11736.3963428651,-1.3461923811211e-05,-2.47570343332597e-05,-3.78376017269919e-06,-0.00265009003255124,3.825205517932e-08,2.67807100492716e-05,-9.26308804737006e-06,0.00291490637559822
11817.7899933763,-1.32772968966013e-05,-2.45808517207894e-05,-3.73199122068525e-06,-0.00263183249153125,3.77285005023269e-08,2.65962126673345e-05,-9.13593028901624e-06,0.00289483065518412
11899.7481209338,-1.30951998027932e-05,-2.44059987874408e-05,-3.68092823322653e-06,-0.00261370080694061,3.72120907734408e-08,2.64129869807917e-05,-9.01051807500332e-06,0.00287489319661948
11982.2746402699,-1.29155979277394e-05,-2.42324639945375e-05,-3.63056164688725e-06,-0.00259569410971059,3.67027290569061e-08,2.62310242106926e-05,-8.88682744345731e-06,0.00285509304779245
12065.3734932659,-1.27384571409678e-05,-2.40602359315695e-05,-3.58088202604058e-06,-0.00257781153680406,3.62003197164703e-08,2.60503156389656e-05,-8.76483476144261e-06,0.00283542926314567
12149.0486491407,-1.25637437771999e-05,-2.38893033143153e-05,-3.53188006120829e-06,-0.00256005223117295,3.5704768398391e-08,2.58708526079904e-05,-8.64451672044608e-06,0.00281590090363116
12233.3041046402,-1.23914246300565e-05,-2.37196549829992e-05,-3.48354656742116e-06,-0.00254241534171609,3.52159820146559e-08,2.56926265201736e-05,-8.52585033192375e-06,0.00279650703666557
12318.1438842285,-1.22214669458453e-05,-2.355127990048e-05,-3.4358724825989e-06,-0.0025249000232374,3.47338687264085e-08,2.55156288375266e-05,-8.40881292290806e-06,0.00277724673608569
12403.5720402798,-1.20538384174328e-05,-2.33841671504722e-05,-3.38884886595024e-06,-0.00250750543640428,3.42583379275821e-08,2.53398510812475e-05,-8.29338213167598e-06,0.00275811908210433
12489.5926532723,-1.18885071781972e-05,-2.32183059357978e-05,-3.34246689639246e-06,-0.00249023074770639,3.37893002287346e-08,2.51652848313055e-05,-8.17953590347603e-06,0.00273912316126641
12576.2098319827,-1.17254417960629e-05,-2.30536855766694e-05,-3.29671787099037e-06,-0.00247307512941473,3.33266674410867e-08,2.49919217260287e-05,-8.06725248631454e-06,0.00272025806640548
12663.427713683,-1.15646112676132e-05,-2.28902955090029e-05,-3.25159320341442e-06,-0.00245603775954092,3.28703525607578e-08,2.48197534616943e-05,-7.95651042679919e-06,0.00270152289660036
12751.2504643373,-1.14059850122837e-05,-2.27281252827605e-05,-3.20708442241797e-06,-0.00243911782179692,3.24202697531998e-08,2.46487717921225e-05,-7.84728856604014e-06,0.00268291675713231
12839.6822788018,-1.12495328666314e-05,-2.25671645603211e-05,-3.16318317033307e-06,-0.00242231450555494,3.19763343378245e-08,2.44789685282727e-05,-7.73956603560691e-06,0.00266443875944224
12928.7273810244,-1.10952250786817e-05,-2.2407403114881e-05,-3.11988120158518e-06,-0.0024056270058077,3.15384627728251e-08,2.43103355378433e-05,-7.63332225354133e-06,0.00264608802108844
13018.3900242466,-1.09430323023506e-05,-2.22488308288805e-05,-3.07717038122592e-06,-0.00238905452312892,3.1106572640186e-08,2.41428647448736e-05,-7.5285369204246e-06,0.00262786366570441
13108.6744912069,-1.07929255919414e-05,-2.20914376924598e-05,-3.03504268348433e-06,-0.00237259626363417,3.06805826308833e-08,2.39765481293493e-05,-7.42519001549898e-06,0.00260976482295715
13199.5850943454,-1.06448763967155e-05,-2.193521380194e-05,-2.9934901903359e-06,-0.00235625143894194,3.02604125302693e-08,2.38113777268104e-05,-7.32326179284212e-06,0.00259179062850561
13291.1261760091,-1.04988565555354e-05,-2.17801493583312e-05,-2.95250509008949e-06,-0.00234001926613505,2.98459832036424e-08,2.36473456279623e-05,-7.22273277759447e-06,0.00257394022395946
13383.3021086605,-1.03548382915798e-05,-2.16262346658662e-05,-2.91207967599191e-06,-0.00232389896772228,2.9437216581999e-08,2.34844439782891e-05,-7.12358376223795e-06,0.00255621275683819
13476.1172950852,-1.02127942071298e-05,-2.14734601305596e-05,-2.87220634484974e-06,-0.00230788977160034,2.90340356479637e-08,2.33226649776706e-05,-7.02579580292614e-06,0.00253860738053042
13569.576168603,-1.00726972784242e-05,-2.13218162587914e-05,-2.83287759566862e-06,-0.00229199091101606,2.86363644219006e-08,2.31620008800012e-05,-6.92935021586467e-06,0.00252112325425354
13663.6831932795,-9.93452085058435e-06,-2.11712936559153e-05,-2.7940860283093e-06,-0.00227620162452891,2.82441279481965e-08,2.30024439928119e-05,-6.83422857374114e-06,0.0025037595430136
13758.4428641392,-9.79823863260745e-06,-2.10218830248906e-05,-2.75582434216076e-06,-0.00226052115597374,2.78572522817214e-08,2.28439866768954e-05,-6.74041270220445e-06,0.00248651541756549
13853.8597073802,-9.66382469242595e-06,-2.08735751649375e-05,-2.71808533482982e-06,-0.00224494875442381,2.74756644744586e-08,2.26866213459332e-05,-6.64788467639199e-06,0.0024693900543734
13949.9382805904,-9.53125345203444e-06,-2.07263609702158e-05,-2.68086190084734e-06,-0.00222948367415411,2.7099292562306e-08,2.25303404661258e-05,-6.55662681750497e-06,0.00245238263557153
14046.6831729655,-9.40049968268106e-06,-2.05802314285251e-05,-2.64414703039056e-06,-0.00221412517460491,2.67280655520443e-08,2.23751365558254e-05,-6.4666216894303e-06,0.00243549234892504
14144.0990055278,-9.27153850012423e-06,-2.04351776200286e-05,-2.60793380802175e-06,-0.00219887252034559,2.63619134084722e-08,2.22210021851717e-05,-6.37785209540932e-06,0.00241871838779139
14242.190431347,-9.1443453599525e-06,-2.0291190715997e-05,-2.57221541144252e-06,-0.00218372498103872,2.60007670417048e-08,2.20679299757293e-05,-6.29030107475178e-06,0.0024020599510818
14340.9621357626,-9.01889605296782e-06,-2.01482619775752e-05,-2.53698511026412e-06,-0.00216868183140444,2.56445582946345e-08,2.1915912600129e-05,-6.2039518995954e-06,0.00238551624322306
14440.4188366077,-8.89516670063045e-06,-2.00063827545682e-05,-2.50223626479307e-06,-0.00215374235118502,2.52932199305519e-08,2.17649427817106e-05,-6.11878807170948e-06,0.00236908647411956
14540.5652844341,-8.77313375056549e-06,-1.98655444842493e-05,-2.46796232483235e-06,-0.00213890582510979,2.49466856209259e-08,2.1615013294169e-05,-6.0347933193428e-06,0.00235276985911564
14641.4062627396,-8.65277397212953e-06,-1.97257386901868e-05,-2.43415682849768e-06,-0.00212417154286016,2.46048899333388e-08,2.1466116961202e-05,-5.95195159411438e-06,0.00233656561895812
14742.946588196,-8.53406445203734e-06,-1.95869569810914e-05,-2.40081340104889e-06,-0.00210953879903507,2.42677683195774e-08,2.13182466561618e-05,-5.87024706794732e-06,0.00232047297975915
14845.1911108798,-8.41698259004693e-06,-1.94491910496821e-05,-2.36792575373609e-06,-0.00209500689311657,2.39352571038762e-08,2.1171395301708e-05,-5.78966413004437e-06,0.00230449117295927
14948.1447145032,-8.30150609470327e-06,-1.93124326715725e-05,-2.33548768266065e-06,-0.00208057512943566,2.36072934713125e-08,2.10255558694634e-05,-5.7101873839054e-06,0.00228861943529078
15051.8123166476,-8.18761297913879e-06,-1.91766737041738e-05,-2.30349306765046e-06,-0.00206624281713845,2.32838154563487e-08,2.08807213796723e-05,-5.63180164438536e-06,0.0022728570087413
15156.1988689989,-8.07528155693093e-06,-1.90419060856177e-05,-2.27193587114983e-06,-0.00205200927015247,2.2964761931525e-08,2.07368849008616e-05,-5.55449193479311e-06,0.0022572031405176
15261.3093575835,-7.96449043801506e-06,-1.89081218336961e-05,-2.24081013712326e-06,-0.00203787380715327,2.26500725962953e-08,2.05940395495034e-05,-5.47824348402966e-06,0.0022416570830097
15367.1488030065,-7.85521852465296e-06,-1.87753130448193e-05,-2.21010998997356e-06,-0.00202383575153129,2.23396879660083e-08,2.0452178489681e-05,-5.40304172376602e-06,0.00222621809375523
15473.7222606918,-7.74744500745513e-06,-1.86434718929905e-05,-2.17982963347345e-06,-0.00200989443135886,2.20335493610303e-08,2.03112949327566e-05,-5.32887228565952e-06,0.00221088543540395
15581.0348211234,-7.64114936145729e-06,-1.85125906287982e-05,-2.14996334971117e-06,-0.00199604917935757,2.17315988960093e-08,2.0171382137042e-05,-5.25572099860862e-06,0.00219565837568261
15689.0916100885,-7.53631134224923e-06,-1.83826615784244e-05,-2.12050549804939e-06,-0.00198229933286577,2.14337794692765e-08,2.00324334074706e-05,-5.18357388604508e-06,0.00218053618736
15797.8977889225,-7.4329109821565e-06,-1.82536771426696e-05,-2.09145051409765e-06,-0.00196864423380639,2.1140034752387e-08,1.98944420952733e-05,-5.11241716326368e-06,0.00216551814821225
15907.4585547554,-7.33092858647298e-06,-1.81256297959933e-05,-2.06279290869781e-06,-0.00195508322865489,2.08503091797936e-08,1.97574015976552e-05,-5.04223723478822e-06,0.00215060354098838
16017.7791407599,-7.23034472974492e-06,-1.7998512085571e-05,-2.03452726692278e-06,-0.00194161566840752,2.05645479386569e-08,1.96213053574755e-05,-4.97302069177403e-06,0.00213579165337608
16128.8648164017,-7.13114025210463e-06,-1.78723166303659e-05,-2.00664824708796e-06,-0.00192824090854979,2.02826969587856e-08,1.94861468629292e-05,-4.90475430944579e-06,0.00212108177796769
16240.720887691,-7.03329625565414e-06,-1.7747036120216e-05,-1.97915057977552e-06,-0.00191495830902515,2.00047029027089e-08,1.93519196472318e-05,-4.83742504457088e-06,0.0021064732122265
16353.352697436,-6.93679410089723e-06,-1.76226633149355e-05,-1.9520290668712e-06,-0.00190176723420386,1.97305131558768e-08,1.92186172883048e-05,-4.77102003296704e-06,0.00209196525845318
16466.765625498,-6.84161540322018e-06,-1.74991910434322e-05,-1.9252785806136e-06,-0.0018886670528522,1.94600758169887e-08,1.90862334084656e-05,-4.70552658704467e-06,0.00207755722375253
16580.9650890484,-6.74774202941957e-06,-1.73766122028371e-05,-1.89889406265576e-06,-0.00187565713810174,1.91933396884479e-08,1.89547616741173e-05,-4.64093219338241e-06,0.00206324842000036
16695.9565428276,-6.65515609427745e-06,-1.72549197576502e-05,-1.87287052313882e-06,-0.00186273686741898,1.89302542669395e-08,1.88241957954423e-05,-4.57722451033642e-06,0.00204903816381072
16811.7454794054,-6.56383995718248e-06,-1.71341067388981e-05,-1.84720303977772e-06,-0.00184990562257509,1.86707697341323e-08,1.86945295260975e-05,-4.51439136568215e-06,0.00203492577650324
16928.3374294433,-6.47377621879704e-06,-1.70141662433065e-05,-1.82188675695877e-06,-0.00183716278961593,1.84148369475018e-08,1.85657566629117e-05,-4.45242075428872e-06,0.00202091058407079
17045.737961959,-6.3849477177691e-06,-1.68950914324855e-05,-1.79691688484883e-06,-0.00182450775883225,1.81624074312719e-08,1.84378710455851e-05,-4.39130083582507e-06,0.00200699191714725
17163.9526845917,-6.29733752748895e-06,-1.67768755321276e-05,-1.7722886985162e-06,-0.00181193992473018,1.79134333674769e-08,1.83108665563911e-05,-4.33101993249771e-06,0.00199316911097565
17282.9872438709,-6.21092895288939e-06,-1.66595118312188e-05,-1.74799753706274e-06,-0.00179945868600177,1.76678675871384e-08,1.81847371198799e-05,-4.27156652681941e-06,0.00197944150537636
17402.8473254854,-6.12570552728971e-06,-1.65429936812625e-05,-1.7240388027675e-06,-0.00178706344549593,1.74256635615596e-08,1.8059476702585e-05,-4.21292925940868e-06,0.00196580844471569
17523.5386545551,-6.04165100928183e-06,-1.64273144955147e-05,-1.70040796024125e-06,-0.00177475361018942,1.71867753937315e-08,1.79350793127302e-05,-4.15509692681922e-06,0.00195226927787448
17645.0669959044,-5.95874937965918e-06,-1.6312467748233e-05,-1.67710053559224e-06,-0.00176252859115816,1.6951157809854e-08,1.7811538999941e-05,-4.09805847939952e-06,0.00193882335821714
17767.4381543379,-5.87698483838667e-06,-1.61984469739353e-05,-1.65411211560268e-06,-0.00175038780354868,1.67187661509659e-08,1.76888498549553e-05,-4.04180301918139e-06,0.0019254700435607
17890.6579749169,-5.79634180161207e-06,-1.6085245766672e-05,-1.63143834691604e-06,-0.00173833066654975,1.64895563646868e-08,1.75670060093388e-05,-3.98631979779794e-06,0.00191220869614425
18014.7323432395,-5.71680489871752e-06,-1.59728577793087e-05,-1.60907493523492e-06,-0.00172635660336431,1.62634849970657e-08,1.74460016352002e-05,-3.93159821442975e-06,0.0018990386825984
18139.667185721,-5.63835896941147e-06,-1.58612767228201e-05,-1.58701764452941e-06,-0.00171446504118151,1.60405091845382e-08,1.73258309449104e-05,-3.87762781377955e-06,0.00188595937391515
18265.4684698776,-5.56098906085942e-06,-1.57504963655955e-05,-1.5652622962558e-06,-0.00170265541114896,1.58205866459881e-08,1.72064881908215e-05,-3.82439828407442e-06,0.00187297014541781
18392.1422046107,-5.48468042485418e-06,-1.56405105327541e-05,-1.54380476858553e-06,-0.00169092714834524,1.56036756749146e-08,1.70879676649902e-05,-3.7718994550957e-06,0.00186007037673122
18519.6944404947,-5.40941851502391e-06,-1.55313131054722e-05,-1.52264099564415e-06,-0.0016792796917525,1.53897351317016e-08,1.6970263698901e-05,-3.72012129623564e-06,0.00184725945175212
18648.1312700654,-5.33518898407853e-06,-1.54228980203199e-05,-1.50176696676038e-06,-0.00166771248422938,1.51787244359898e-08,1.68533706631926e-05,-3.66905391458104e-06,0.00183453675861975
18777.4588281112,-5.26197768109305e-06,-1.5315259268608e-05,-1.48117872572489e-06,-0.00165622497248399,1.49706035591486e-08,1.67372829673863e-05,-3.61868755302292e-06,0.00182190168968666
18907.6832919665,-5.18977064882802e-06,-1.52083908957454e-05,-1.46087237005889e-06,-0.00164481660704718,1.47653330168473e-08,1.6621995059615e-05,-3.56901258839233e-06,0.00180935364148967
19038.810881806,-5.11855412108627e-06,-1.51022870006066e-05,-1.44084405029226e-06,-0.00163348684224599,1.4562873861725e-08,1.65075014263563e-05,-3.52001952962172e-06,0.00179689201472114
19170.8478609426,-5.04831452010533e-06,-1.49969417349077e-05,-1.4210899692512e-06,-0.00162223513617721,1.43631876761565e-08,1.6393796592165e-05,-3.47169901593139e-06,0.0017845162142003
19303.8005361258,-4.9790384539856e-06,-1.48923493025932e-05,-1.40160638135524e-06,-0.0016110609506812,1.41662365651145e-08,1.62808751194096e-05,-3.4240418150411e-06,0.00177222564884485
19437.6752578439,-4.91071271415299e-06,-1.47885039592315e-05,-1.38238959192344e-06,-0.0015999637513159,1.39719831491249e-08,1.61687316080093e-05,-3.37703882140598e-06,0.00176001973164278
19572.4784206263,-4.84332427285643e-06,-1.46854000114194e-05,-1.36343595648981e-06,-0.00158894300733098,1.37803905573173e-08,1.60573606951736e-05,-3.33068105447689e-06,0.00174789787962434
19708.2164633496,-4.77686028069898e-06,-1.45830318161964e-05,-1.34474188012768e-06,-0.00157799819164218,1.35914224205651e-08,1.59467570551432e-05,-3.28495965698438e-06,0.00173585951383418
19844.8958695448,-4.71130806420275e-06,-1.44813937804668e-05,-1.32630381678299e-06,-0.00156712878080586,1.34050428647186e-08,1.58369153989333e-05,-3.23986589324653e-06,0.00172390405930378
19982.5231677076,-4.64665512340669e-06,-1.43804803604312e-05,-1.30811826861634e-06,-0.00155633425499372,1.32212165039257e-08,1.57278304740781e-05,-3.19539114749972e-06,0.00171203094502392
20121.1049316092,-4.58288912949717e-06,-1.42802860610263e-05,-1.29018178535382e-06,-0.00154561409796767,1.3039908434043e-08,1.56194970643776e-05,-3.15152692225257e-06,0.00170023960391753
20260.6477806113,-4.51999792247059e-06,-1.41808054353731e-05,-1.27249096364624e-06,-0.00153496779705492,1.28610842261331e-08,1.55119099896459e-05,-3.10826483666225e-06,0.00168852947281253
20401.1583799816,-4.45796950882791e-06,-1.40820330842334e-05,-1.255042446437e-06,-0.0015243948431232,1.26847099200483e-08,1.54050641054615e-05,-3.06559662493329e-06,0.00167689999241498
20542.6434412127,-4.39679205930031e-06,-1.3983963655474e-05,-1.23783292233816e-06,-0.0015138947305562,1.25107520180996e-08,1.52989543029188e-05,-3.02351413473815e-06,0.00166535060728241
20685.1097223421,-4.33645390660602e-06,-1.38865918435393e-05,-1.2208591250149e-06,-0.00150346695722915,1.23391774788103e-08,1.51935755083824e-05,-2.98200932565972e-06,0.00165388076579727
20828.5640282755,-4.27694354323733e-06,-1.37899123889315e-05,-1.20411783257798e-06,-0.00149311102448461,1.21699537107513e-08,1.50889226832418e-05,-2.94107426765495e-06,0.00164248992014059
20973.0132111114,-4.21824961927802e-06,-1.36939200776987e-05,-1.18760586698436e-06,-0.00148282643710837,1.20030485664601e-08,1.4984990823669e-05,-2.90070113953979e-06,0.0016311775262659
21118.464170469,-4.16036094025011e-06,-1.35986097409295e-05,-1.17132009344568e-06,-0.00147261270330557,1.18384303364385e-08,1.4881774960377e-05,-2.86088222749475e-06,0.00161994304387316
21264.923853817,-4.10326646499023e-06,-1.35039762542567e-05,-1.15525741984463e-06,-0.00146246933467698,1.16760677432325e-08,1.47792701583807e-05,-2.82160992359113e-06,0.00160878593638306
21412.3992568061,-4.0469553035546e-06,-1.34100145373667e-05,-1.13941479615899e-06,-0.00145239584619542,1.15159299355888e-08,1.46774715167585e-05,-2.78287672433731e-06,0.00159770567091133
21560.8974236026,-3.99141671515269e-06,-1.33167195535167e-05,-1.12378921389341e-06,-0.0014423917561824,1.13579864826912e-08,1.45763741684168e-05,-2.74467522924522e-06,0.00158670171824337
21710.4254472254,-3.93664010610884e-06,-1.32240863090592e-05,-1.1083777055186e-06,-0.00143245658628486,1.12022073684717e-08,1.44759732798551e-05,-2.7069981394162e-06,0.00157577355280892
21860.9904698845,-3.88261502785179e-06,-1.31321098529724e-05,-1.09317734391809e-06,-0.0014225898614521,1.1048562985999e-08,1.43762640509331e-05,-2.66983825614662e-06,0.00156492065265705
22012.599683322,-3.82933117493132e-06,-1.30407852763984e-05,-1.07818524184224e-06,-0.00141279110991292,1.08970241319413e-08,1.42772417146399e-05,-2.63318847955227e-06,0.00155414249943115
22165.260329156,-3.77677838306219e-06,-1.29501077121875e-05,-1.06339855136959e-06,-0.00140305986315283,1.07475620011026e-08,1.41789015368642e-05,-2.59704180721197e-06,0.00154343857834426
22318.9796992262,-3.72494662719437e-06,-1.28600723344489e-05,-1.04881446337527e-06,-0.00139339565589147,1.06001481810323e-08,1.40812388161662e-05,-2.56139133282953e-06,0.00153280837815445
22473.7651359423,-3.67382601960984e-06,-1.27706743581085e-05,-1.03443020700661e-06,-0.00138379802606023,1.04547546467071e-08,1.39842488835513e-05,-2.52623024491432e-06,0.00152225139114046
22629.6240326348,-3.62340680804502e-06,-1.26819090384719e-05,-1.02024304916558e-06,-0.00137426651477992,1.03113537552826e-08,1.38879271022455e-05,-2.49155182547969e-06,0.0015117671130774
22786.5638339077,-3.57367937383908e-06,-1.25937716707945e-05,-1.00625029399825e-06,-0.00136480066633873,1.0169918240917e-08,1.3792268867472e-05,-2.45734944875953e-06,0.00150135504321274
22944.592035995,-3.52463423010707e-06,-1.25062575898574e-05,-9.92449282390971e-07,-0.0013554000281702,1.00304212096619e-08,1.36972696062295e-05,-2.4236165799422e-06,0.00149101468424235
23103.7161871177,-3.47626201993833e-06,-1.24193621695493e-05,-9.78837391473294e-07,-0.00134606415083147,9.89283613442316e-09,1.36029247770724e-05,-2.39034677392206e-06,0.0014807455422868
23263.9438878451,-3.42855351461913e-06,-1.23330808224538e-05,-9.65412034127512e-07,-0.00133679258798163,9.75713684998788e-09,1.35092298698918e-05,-2.35753367406796e-06,0.00147054712686777
23425.2827914574,-3.38149961187971e-06,-1.22474089994434e-05,-9.52170658504758e-07,-0.00132758489636019,9.62329754811878e-09,1.3416180405699e-05,-2.32517101100874e-06,0.00146041895088462
23587.7406043117,-3.33509133416505e-06,-1.21623421892782e-05,-9.39110747547514e-07,-0.00131844063576576,9.4912927727136e-09,1.33237719364094e-05,-2.29325260143535e-06,0.00145036053059114
23751.3250862094,-3.28931982692936e-06,-1.20778759182111e-05,-9.26229818518562e-07,-0.00130935936903486,9.36109741503001e-09,1.32320000446292e-05,-2.2617723469195e-06,0.00144037138557248
23916.0440507678,-3.24417635695365e-06,-1.19940057495973e-05,-9.1352542253614e-07,-0.00130034066202086,9.23268670897361e-09,1.31408603434422e-05,-2.23072423274837e-06,0.00143045103872218
24081.9053657923,-3.19965231068635e-06,-1.19107272835104e-05,-9.00995144115396e-07,-0.00129138408357306,9.10603622644999e-09,1.30503484761993e-05,-2.20010232677549e-06,0.00142059901621942
24248.9169536531,-3.15573919260645e-06,-1.18280361563632e-05,-8.88636600715877e-07,-0.00128248920551599,8.9811218727782e-09,1.29604601163087e-05,-2.16990077828724e-06,0.00141081484750636
24417.0867916629,-3.11242862360904e-06,-1.17459280405334e-05,-8.76447442295165e-07,-0.00127365560262875,8.85791988216663e-09,1.28711909670279e-05,-2.14011381688508e-06,0.00140109806526573
24586.4229124585,-3.06971233941272e-06,-1.16643986439951e-05,-8.64425350868383e-07,-0.00126488285262456,8.73640681324863e-09,1.27825367612572e-05,-2.11073575138293e-06,0.00139144820539847
24756.933404384,-3.02758218898893e-06,-1.15834437099548e-05,-8.52568040073677e-07,-0.00125617053613047,8.61655954467888e-09,1.26944932613343e-05,-2.08176096871986e-06,0.0013818648070016
24928.6264118777,-2.98603013301246e-06,-1.15030590164925e-05,-8.40873254743452e-07,-0.00124751823666714,8.49835527078815e-09,1.26070562588306e-05,-2.05318393288758e-06,0.0013723474123462
25101.5101358603,-2.94504824233326e-06,-1.14232403762078e-05,-8.29338770481393e-07,-0.00123892554062883,8.38177149729704e-09,1.25202215743493e-05,-2.02499918387274e-06,0.00136289556685556
25275.5928341276,-2.90462869646898e-06,-1.13439836358705e-05,-8.17962393245107e-07,-0.00123039203726348,8.26678603708664e-09,1.24339850573238e-05,-1.9972013366137e-06,0.00135350881908347
25450.882821744,-2.86476378211819e-06,-1.12652846760759e-05,-8.06741958934413e-07,-0.00122191731865299,8.15337700602671e-09,1.23483425858187e-05,-1.96978507997163e-06,0.00134418672069271
25627.3884714405,-2.82544589169366e-06,-1.11871394109051e-05,-7.95675332985066e-07,-0.00121350097969355,8.0415228188591e-09,1.22632900663317e-05,-1.94274517571573e-06,0.00133492882643356
25805.1182140139,-2.78666752187597e-06,-1.11095437875895e-05,-7.84760409968031e-07,-0.00120514261807619,7.93120218513743e-09,1.21788234335964e-05,-1.91607645752244e-06,0.00132573469412262
25984.08053873,-2.74842127218649e-06,-1.10324937861797e-05,-7.73995113194037e-07,-0.00119684183426746,7.82239410522048e-09,1.20949386503876e-05,-1.88977382998827e-06,0.00131660388462167
26164.2839937291,-2.71069984358009e-06,-1.09559854192188e-05,-7.63377394323484e-07,-0.00118859823149014,7.71507786632007e-09,1.20116317073269e-05,-1.86383226765628e-06,0.00130753596181668
26345.7371864336,-2.67349603705698e-06,-1.08800147314204e-05,-7.52905232981593e-07,-0.00118041141570425,7.60923303860201e-09,1.19288986226901e-05,-1.83824681405592e-06,0.00129853049259702
26528.4487839603,-2.6368027522934e-06,-1.08045777993504e-05,-7.42576636378679e-07,-0.00117228099558804,7.50483947133915e-09,1.18467354422161e-05,-1.81301258075598e-06,0.00128958704683478
26712.4275135331,-2.60061298629115e-06,-1.07296707311131e-05,-7.32389638935573e-07,-0.00116420658251923,7.40187728911684e-09,1.17651382389167e-05,-1.78812474643061e-06,0.00128070519736419
26897.6821629011,-2.56491983204537e-06,-1.06552896660414e-05,-7.22342301914023e-07,-0.00115618779055629,7.30032688808879e-09,1.16841031128882e-05,-1.76357855593811e-06,0.00127188451996128
27084.2215807571,-2.52971647723071e-06,-1.05814307743911e-05,-7.12432713052117e-07,-0.00114822423641993,7.20016893228404e-09,1.16036261911239e-05,-1.73936931941246e-06,0.00126312459332361
27272.0546771616,-2.4949962029052e-06,-1.05080902570391e-05,-7.0265898620455e-07,-0.00114031553947462,7.10138434996307e-09,1.15237036273282e-05,-1.71549241136713e-06,0.0012544249990501
27461.1904239671,-2.46075238223204e-06,-1.04352643451853e-05,-6.93019260987781e-07,-0.00113246132171038,7.00395433002352e-09,1.14443316017319e-05,-1.69194326981147e-06,0.00124578532162116
27651.6378552475,-2.42697847921864e-06,-1.03629493000589e-05,-6.8351170242991e-07,-0.00112466120772456,6.907860318454e-09,1.13655063209088e-05,-1.66871739537894e-06,0.00123720514837872
27843.4060677294,-2.39366804747305e-06,-1.02911414126278e-05,-6.74134500625309e-07,-0.0011169148247038,6.81308401483596e-09,1.12872240175933e-05,-1.64581035046751e-06,0.00122868406950665
28036.5042212264,-2.3608147289772e-06,-1.02198370033122e-05,-6.64885870393867e-07,-0.00110922180240616,6.71960736889247e-09,1.12094809504999e-05,-1.62321775839178e-06,0.00122022167801109
28230.9415390768,-2.32841225287705e-06,-1.01490324217015e-05,-6.55764050944848e-07,-0.00110158177314331,6.62741257708395e-09,1.11322734041434e-05,-1.60093530254677e-06,0.0012118175697011
28426.7273085842,-2.29645443428912e-06,-1.00787240462752e-05,-6.46767305545248e-07,-0.00109399437176286,6.53648207924934e-09,1.10555976886603e-05,-1.57895872558312e-06,0.00120347134316929
28623.8708814609,-2.26493517312344e-06,-1.00089082841267e-05,-6.37893921192648e-07,-0.00108645923563083,6.44679855529309e-09,1.09794501396321e-05,-1.55728382859373e-06,0.0011951825997727
28822.3816742749,-2.23384845292245e-06,-9.93958157069135e-06,-6.29142208292438e-07,-0.00107897600461424,6.35834492191647e-09,1.09038271179094e-05,-1.53590647031143e-06,0.00118695094361375
29022.2691688993,-2.20318833971589e-06,-9.87074036947738e-06,-6.20510500339432e-07,-0.00107154432106381,6.27110432939336e-09,1.08287250094367e-05,-1.5148225663178e-06,0.00117877598152134
29223.5429129655,-2.17294898089124e-06,-9.80238117180021e-06,-6.11997153603731e-07,-0.00106416382979678,6.18506015838919e-09,1.07541402250794e-05,-1.49402808826273e-06,0.00117065732303206
29426.2125203191,-2.14312460407961e-06,-9.7345004965204e-06,-6.03600546820862e-07,-0.00105683417807987,6.1001960168234e-09,1.06800692004518e-05,-1.47351906309478e-06,0.00116259458037158
29630.2876714792,-2.11370951605685e-06,-9.66709488978449e-06,-5.95319080886051e-07,-0.00104955501561233,6.0164957367736e-09,1.06065083957452e-05,-1.45329157230204e-06,0.00115458736843609
29835.7781141006,-2.08469810165972e-06,-9.60016092476938e-06,-5.8715117855267e-07,-0.00104232599450914,5.93394337142231e-09,1.05334542955589e-05,-1.43334175116349e-06,0.00114663530477394
30042.6936634399,-2.05608482271676e-06,-9.53369520142948e-06,-5.79095284134704e-07,-0.00103514676928425,5.85252319204432e-09,1.04609034087311e-05,-1.41366578801056e-06,0.00113873800956738
30251.0442028234,-2.0278642169939e-06,-9.46769434624735e-06,-5.71149863213269e-07,-0.00102801699683411,5.77221968503525e-09,1.03888522681716e-05,-1.39425992349885e-06,0.0011308951056144
30460.8396841202,-2.00003089715437e-06,-9.40215501198712e-06,-5.63313402347068e-07,-0.00102093633642108,5.69301754898002e-09,1.03172974306952e-05,-1.37512044988987e-06,0.00112310621831075
30672.0901282168,-1.97257954973289e-06,-9.33707387745104e-06,-5.55584408786775e-07,-0.00101390444965714,5.61490169176116e-09,1.02462354768568e-05,-1.35624371034264e-06,0.00111537097563202
30884.8056254963,-1.94550493412381e-06,-9.27244764723892e-06,-5.47961410193254e-07,-0.00100692100048766,5.53785722770605e-09,1.01756630107872e-05,-1.33762609821495e-06,0.0011076890081159
31098.9963363199,-1.9188018815832e-06,-9.20827305151059e-06,-5.40442954359612e-07,-0.000999985655175235,5.46186947477297e-09,1.01055766600304e-05,-1.31926405637431e-06,0.00110005994884453
31314.6724915125,-1.89246529424442e-06,-9.14454684575105e-06,-5.33027608936972e-07,-0.000993098082283677,5.38692395177503e-09,1.00359730753814e-05,-1.30115407651829e-06,0.00109248343342695
31531.8443928511,-1.8664901441473e-06,-9.08126581053866e-06,-5.25713961163993e-07,-0.000986257952662136,5.31300637564188e-09,9.96684893072632e-06,-1.28329269850422e-06,0.00108495909998178
31750.5224135575,-1.84087147228044e-06,-9.01842675131584e-06,-5.18500617600006e-07,-0.00097946493942928,5.24010265871835e-09,9.8982009228821e-06,-1.26567650968806e-06,0.00107748658911984
31970.7169987928,-1.81560438763677e-06,-8.95602649816281e-06,-5.11386203861789e-07,-0.00097271871795763,5.16819890609975e-09,9.83002577143863e-06,-1.24830214427239e-06,0.00107006554392705
32192.4386661572,-1.79068406628185e-06,-8.8940619055737e-06,-5.04369364363873e-07,-0.000966018965857973,5.09728141300316e-09,9.76232021860116e-06,-1.23116628266331e-06,0.00106269560994738
32415.6980061919,-1.76610575043506e-06,-8.83252985223562e-06,-4.97448762062396e-07,-0.000959365362963907,5.02733666217458e-09,9.69508102903426e-06,-1.21426565083621e-06,0.00105537643516591
32640.5056828852,-1.7418647475632e-06,-8.77142724081006e-06,-4.90623078202382e-07,-0.000952757591316471,4.95835132133084e-09,9.62830498970656e-06,-1.19759701971019e-06,0.00104810766999201
32866.8724341813,-1.71795642948667e-06,-8.71075099771706e-06,-4.83891012068473e-07,-0.000946195335148907,4.89031224063656e-09,9.56198890973681e-06,-1.18115720453113e-06,0.00104088896724269
33094.8090724944,-1.69437623149768e-06,-8.65049807292179e-06,-4.77251280739011e-07,-0.000939678280871502,4.82320645021503e-09,9.49612962024078e-06,-1.16494306426319e-06,0.00103371998212597
33324.3264852235,-1.67111965149063e-06,-8.59066543972369e-06,-4.70702618843466e-07,-0.000933206117056556,4.75702115769301e-09,9.43072397417949e-06,-1.14895150098864e-06,0.00102660037222445
33555.4356352742,-1.64818224910439e-06,-8.53125009454798e-06,-4.64243778323132e-07,-0.000926778534423442,4.69174374577865e-09,9.3657688462082e-06,-1.13317945931602e-06,0.00101952979747895
33788.1475615808,-1.62555964487626e-06,-8.47224905673974e-06,-4.57873528195081e-07,-0.00092039522582378,4.62736176987252e-09,9.3012611325267e-06,-1.11762392579633e-06,0.00101250792017225
34022.4733796346,-1.60324751940748e-06,-8.4136593683601e-06,-4.51590654319297e-07,-0.000914055886226696,4.56386295571073e-09,9.23719775073046e-06,-1.10228192834724e-06,0.00100553440491299
34258.4242820144,-1.58124161254027e-06,-8.35547809398511e-06,-4.45393959168975e-07,-0.000907760212704212,4.50123519704032e-09,9.17357563966298e-06,-1.08715053568531e-06,0.000998608918619657
34496.0115389212,-1.55953772254598e-06,-8.29770232050657e-06,-4.39282261603931e-07,-0.000901507904416707,4.43946655332592e-09,9.11039175926893e-06,-1.07222685676586e-06,0.000991731130504643
34735.2464987164,-1.53813170532447e-06,-8.24032915693548e-06,-4.33254396647081e-07,-0.000895298662598502,4.37854524748783e-09,9.04764309044864e-06,-1.05750804023062e-06,0.000984900712058489
34976.1405884643,-1.51701947361435e-06,-8.18335573420735e-06,-4.27309215263942e-07,-0.000889132190543529,4.31845966367046e-09,8.98532663491321e-06,-1.04299127386295e-06,0.000978117337034168
35218.7053144771,-1.49619699621409e-06,-8.1267792049901e-06,-4.21445584145141e-07,-0.000883008193591118,4.25919834504141e-09,8.92343941504099e-06,-1.02867378405051e-06,0.000971380681431527
35462.9522628655,-1.47566029721372e-06,-8.07059674349378e-06,-4.15662385491853e-07,-0.000876926379111852,4.20074999162014e-09,8.86197847373476e-06,-1.01455283525535e-06,0.000964690423481797
35708.8931000911,-1.45540545523713e-06,-8.01480554528271e-06,-4.09958516804165e-07,-0.000870886456493563,4.1431034581364e-09,8.80094087428019e-06,-1.0006257294912e-06,0.000958046243632241
35956.5395735246,-1.43542860269466e-06,-7.95940282708953e-06,-4.04332890672289e-07,-0.000864888137127383,4.0862477519174e-09,8.74032370020493e-06,-9.86889805808041e-07,0.000951447824530881
36205.9035120061,-1.41572592504593e-06,-7.90438582663146e-06,-3.9878443457064e-07,-0.000858931134393923,4.03017203080412e-09,8.68012405513906e-06,-9.73342439783652e-07,0.000944894851011358
36456.9968264106,-1.3962936600728e-06,-7.84975180242849e-06,-3.93312090654673e-07,-0.000853015163649526,3.97486560109548e-09,8.62033906267616e-06,-9.59981043022196e-07,0.000938387010077864
36709.831510217,-1.37712809716221e-06,-7.79549803362366e-06,-3.87914815560495e-07,-0.00084713994221263,3.92031791552075e-09,8.56096586623561e-06,-9.46803062659666e-07,0.000931923990890207
36964.4196400802,-1.35822557659894e-06,-7.74162181980536e-06,-3.82591580207206e-07,-0.000841305189350225,3.86651857123947e-09,8.50200162892572e-06,-9.33805980876142e-07,0.000925505484748967
37220.7733764093,-1.3395824888679e-06,-7.68812048083143e-06,-3.77341369601896e-07,-0.000835510626264386,3.81345730786836e-09,8.44344353340777e-06,-9.20987314414699e-07,0.000919131185080743
37478.9049639467,-1.3211952739661e-06,-7.63499135665542e-06,-3.72163182647319e-07,-0.000829755976078929,3.76112400553537e-09,8.38528878176113e-06,-9.08344614106982e-07,0.000912800787423526
37738.8267323548,-1.303060420724e-06,-7.58223180715448e-06,-3.6705603195215e-07,-0.000824040963826132,3.70950868295982e-09,8.32753459534914e-06,-8.9587546440522e-07,0.000906513989412146
38000.5510968034,-1.28517446613608e-06,-7.5298392119594e-06,-3.62018943643846e-07,-0.000818365316433567,3.658601495559e-09,8.27017821468614e-06,-8.83577482920742e-07,0.000900270490763848
38264.0905585636,-1.26753399470069e-06,-7.47781097028624e-06,-3.57050957184028e-07,-0.000812728762711007,3.60839273358024e-09,8.21321689930513e-06,-8.7144831996876e-07,0.000894069993263934
38529.4577056047,-1.25013563776883e-06,-7.42614450077e-06,-3.52151125186385e-07,-0.000807131033337445,3.55887282025856e-09,8.15664792762669e-06,-8.59485658119451e-07,0.000887912200751535
38796.6652131954,-1.23297607290191e-06,-7.3748372412999e-06,-3.47318513237038e-07,-0.000801571860848179,3.51003230999928e-09,8.10046859682848e-06,-8.47687211755162e-07,0.00088179681910546
39065.7258445091,-1.21605202323829e-06,-7.32388664885659e-06,-3.42552199717366e-07,-0.000796050979622008,3.46186188658544e-09,8.0446762227159e-06,-8.36050726633735e-07,0.000875723556230157
39336.6524512341,-1.19936025686845e-06,-7.27329019935091e-06,-3.37851275629209e-07,-0.000790568125868497,3.41435236140947e-09,7.98926813959345e-06,-8.24573979457777e-07,0.000869692122041751
39609.4579741865,-1.18289758621878e-06,-7.2230453874646e-06,-3.33214844422483e-07,-0.000785123037615353,3.36749467172915e-09,7.9342417001372e-06,-8.13254777449898e-07,0.000863702228454208
39884.1554439296,-1.16666086744376e-06,-7.17314972649248e-06,-3.28642021825108e-07,-0.000779715454695862,3.32127987894699e-09,7.87959427526785e-06,-8.02090957933723e-07,0.000857753589365559
40160.7579813948,-1.15064699982646e-06,-7.12360074818649e-06,-3.24131935675268e-07,-0.00077434511873644,3.27569916691342e-09,7.82532325402499e-06,-7.91080387920713e-07,0.000851845920644253
40439.2787985098,-1.13485292518729e-06,-7.07439600260119e-06,-3.19683725755935e-07,-0.000769011773144247,3.23074384025266e-09,7.77142604344195e-06,-7.80220963702599e-07,0.000845978940115572
40719.7311988284,-1.11927562730081e-06,-7.0255330579411e-06,-3.15296543631668e-07,-0.000763715163094905,3.18640532271175e-09,7.71790006842176e-06,-7.69510610449472e-07,0.000840152367548171
41002.1285781671,-1.10391213132052e-06,-6.97700950040937e-06,-3.10969552487599e-07,-0.000758455035520285,3.14267515553177e-09,7.66474277161373e-06,-7.58947281813326e-07,0.000834365924640679
41286.4844252437,-1.08875950321155e-06,-6.92882293405833e-06,-3.06701926970643e-07,-0.000753231139096397,3.09954499584147e-09,7.61195161329113e-06,-7.48528959537109e-07,0.000828619335008425
41572.812322323,-1.07381484919111e-06,-6.88097098064131e-06,-3.0249285303284e-07,-0.000748043224231341,3.05700661507258e-09,7.55952407122945e-06,-7.38253653069081e-07,0.000822912324170221
41861.1259458642,-1.05907531517661e-06,-6.83345127946624e-06,-2.98341527776849e-07,-0.000742891043053369,3.0150518973969e-09,7.50745764058581e-06,-7.28119399182513e-07,0.00081724461953527
42151.4390671752,-1.04453808624129e-06,-6.78626148725057e-06,-2.94247159303531e-07,-0.000737774349399001,2.97367283818445e-09,7.45574983377888e-06,-7.18124261600567e-07,0.000811615950390133
42443.7655530697,-1.03020038607741e-06,-6.73939927797783e-06,-2.90208966561619e-07,-0.000732692898801247,2.93286154248286e-09,7.40439818036994e-06,-7.0826633062637e-07,0.000806026047885814
42738.1193665299,-1.01605947646666e-06,-6.69286234275551e-06,-2.86226179199415e-07,-0.000727646448477896,2.89261022351729e-09,7.35340022694447e-06,-6.9854372277811e-07,0.000800474645024908
43034.5145673733,-1.00211265675794e-06,-6.64664838967459e-06,-2.82298037418532e-07,-0.000722634757319894,2.85291120121095e-09,7.30275353699485e-06,-6.88954580429205e-07,0.000794961476648859
43332.9653129246,-9.88357263352188e-07,-6.60075514367028e-06,-2.78423791829602e-07,-0.000717657585879793,2.81375690072558e-09,7.25245569080358e-06,-6.79497071453348e-07,0.00078948627942529
43633.4858586911,-9.74790669194383e-07,-6.5551803463844e-06,-2.74602703309968e-07,-0.000712714696360296,2.77513985102209e-09,7.2025042853276e-06,-6.70169388874482e-07,0.000784048791835434
43936.0905590448,-9.61410283272379e-07,-6.50992175602889e-06,-2.70834042863296e-07,-0.000707805852602862,2.7370526834405e-09,7.15289693408313e-06,-6.60969750521531e-07,0.000778648754161634
44240.7938679069,-9.48213550122715e-07,-6.46497714725102e-06,-2.67117091481123e-07,-0.000702930820076409,2.69948813029959e-09,7.10363126703157e-06,-6.51896398687912e-07,0.000773285908474954
44547.6103394389,-9.35197949343105e-07,-6.42034431099962e-06,-2.6345114000626e-07,-0.000698089365866077,2.66243902351527e-09,7.05470493046593e-06,-6.42947599795683e-07,0.000767959998622843
44856.5546287376,-9.22360995111676e-07,-6.37602105439295e-06,-2.59835488998088e-07,-0.000693281258662084,2.62589829323815e-09,7.0061155868983e-06,-6.34121644064341e-07,0.000762670770216918
45167.641492535,-9.09700235712741e-07,-6.3320052005876e-06,-2.56269448599662e-07,-0.000688506268748648,2.58985896650937e-09,6.95786091494789e-06,-6.25416845184126e-07,0.000757417970620802
45480.8857899031,-8.97213253069106e-07,-6.288294588649e-06,-2.52752338406643e-07,-0.000683764167992995,2.55431416593499e-09,6.90993860922999e-06,-6.16831539993845e-07,0.000752201348938068
45796.3024829641,-8.84897662280749e-07,-6.24488707342293e-06,-2.49283487338009e-07,-0.000679054729834433,2.51925710837832e-09,6.86234638024556e-06,-6.08364088163091e-07,0.000747020656000249
46113.9066376045,-8.7275111116986e-07,-6.20178052540855e-06,-2.45862233508528e-07,-0.000674377729273516,2.4846811036702e-09,6.81508195427179e-06,-6.00012871878851e-07,0.000741875644354946
46433.713424195,-8.60771279832067e-07,-6.15897283063241e-06,-2.42487924102973e-07,-0.00066973294286126,2.45057955333669e-09,6.76814307325313e-06,-5.91776295536381e-07,0.000736766068254
46755.7381183149,-8.4895588019386e-07,-6.11646189052403e-06,-2.39159915252048e-07,-0.000665120148688463,2.4169459493444e-09,6.72152749469337e-06,-5.83652785434369e-07,0.000731691683641766
47079.9961014825,-8.37302655576028e-07,-6.07424562179236e-06,-2.35877571910003e-07,-0.000660539126375074,2.38377387286259e-09,6.67523299154825e-06,-5.75640789474236e-07,0.000726652248143446
47406.5028618884,-8.2580938026313e-07,-6.03232195630372e-06,-2.32640267733925e-07,-0.000655989657059648,2.35105699304249e-09,6.62925735211893e-06,-5.67738776863607e-07,0.000721647521053526
47735.2739951367,-8.14473859078812e-07,-5.99068884096072e-06,-2.29447384964668e-07,-0.000651471523388869,2.31878906581306e-09,6.58359837994612e-06,-5.59945237823814e-07,0.000716677263324267
48066.3252049891,-8.03293926966996e-07,-5.94934423758253e-06,-2.26298314309413e-07,-0.000646984509507153,2.28696393269323e-09,6.53825389370505e-06,-5.52258683301456e-07,0.0007117412375543
48399.6723041153,-7.92267448578753e-07,-5.90828612278616e-06,-2.23192454825819e-07,-0.00064252840104631,2.25557551962043e-09,6.49322172710101e-06,-5.44677644683869e-07,0.000706839207977277
48735.331214848,-7.81392317864893e-07,-5.86751248786898e-06,-2.20129213807767e-07,-0.000638102985115294,2.22461783579502e-09,6.44849972876577e-06,-5.37200673518556e-07,0.000701970940450623
49073.317969944,-7.70666457674085e-07,-5.82702133869234e-06,-2.17108006672653e-07,-0.000633708050290004,2.19408497254047e-09,6.40408576215459e-06,-5.29826341236416e-07,0.000697136202444338
49413.6487133493,-7.6008781935653e-07,-5.78681069556628e-06,-2.14128256850224e-07,-0.000629343386603177,2.16397110217927e-09,6.35997770544407e-06,-5.22553238878819e-07,0.00069233476302991
49756.3397009709,-7.49654382373027e-07,-5.74687859313539e-06,-2.11189395672925e-07,-0.000625008785534333,2.13427047692394e-09,6.31617345143052e-06,-5.15379976828387e-07,0.000687566392869268
50101.4073014524,-7.39364153909428e-07,-5.70722308026571e-06,-2.08290862267747e-07,-0.000620704039999802,2.10497742778341e-09,6.27267090742929e-06,-5.08305184543509e-07,0.000682830864203844
50448.8679969571,-7.29215168496349e-07,-5.66784221993272e-06,-2.05432103449547e-07,-0.000616428944342809,2.07608636348414e-09,6.22946799517451e-06,-5.01327510296461e-07,0.000678127950843682
50798.7383839539,-7.19205487634119e-07,-5.62873408911045e-06,-2.02612573615832e-07,-0.000612183294323642,2.04759176940616e-09,6.18656265071979e-06,-4.9444562091516e-07,0.000673457428156647
51151.0351740109,-7.09333199422846e-07,-5.58989677866146e-06,-1.99831734642963e-07,-0.000607966887109869,2.01948820653344e-09,6.14395282433937e-06,-4.87658201528428e-07,0.000668819073057687
51505.7751945938,-6.99596418197562e-07,-5.5513283932281e-06,-1.97089055783788e-07,-0.000603779521266641,1.99177031041874e-09,6.10163648043015e-06,-4.8096395531478e-07,0.000664212663998184
51862.9753898685,-6.89993284168388e-07,-5.51302705112461e-06,-1.94384013566676e-07,-0.000599620996747052,1.9644327901626e-09,6.05961159741427e-06,-4.74361603254646e-07,0.000659637980955374
52222.6528215118,-6.80521963065585e-07,-5.47499088423024e-06,-1.9171609169591e-07,-0.000595491114882565,1.93747042740612e-09,6.0178761676424e-06,-4.67849883885992e-07,0.000655094805421831
52584.8246695256,-6.71180645789524e-07,-5.43721803788351e-06,-1.89084780953465e-07,-0.000591389678373513,1.91087807533773e-09,5.97642819729775e-06,-4.61427553063315e-07,0.000650582920395041
52949.5082330576,-6.61967548065404e-07,-5.39970667077722e-06,-1.86489579102104e-07,-0.00058731649127965,1.88465065771329e-09,5.93526570630061e-06,-4.55093383719916e-07,0.000646102110367029
53316.7209312277,-6.52880910102748e-07,-5.3624549548547e-06,-1.83929990789811e-07,-0.000583271359010789,1.85878316788978e-09,5.89438672821375e-06,-4.4884616563347e-07,0.000641652161314074
53686.4803039601,-6.43918996259525e-07,-5.32546107520677e-06,-1.81405527455526e-07,-0.00057925408831748,1.83327066787204e-09,5.85378931014824e-06,-4.42684705194781e-07,0.00063723286068648
54058.8040128205,-6.35080094710912e-07,-5.28872322996986e-06,-1.78915707236163e-07,-0.000575264487281777,1.80810828737264e-09,5.81347151267015e-06,-4.36607825179742e-07,0.000632843997398431
54433.709841861,-6.26362517122565e-07,-5.25223963022484e-06,-1.76460054874905e-07,-0.000571302365308045,1.78329122288454e-09,5.77343140970767e-06,-4.30614364524399e-07,0.000628485361817903
54811.215698468,-6.17764598328398e-07,-5.21600849989706e-06,-1.74038101630743e-07,-0.000567367533113856,1.75881473676643e-09,5.73366708845911e-06,-4.24703178103128e-07,0.000624156745756659
55191.3396142186,-6.09284696012749e-07,-5.18002807565701e-06,-1.71649385189257e-07,-0.000563459802720919,1.73467415634057e-09,5.69417664930132e-06,-4.18873136509827e-07,0.000619857942460297
55574.0997457415,-6.00921190396937e-07,-5.14429660682211e-06,-1.69293449574614e-07,-0.000559578987446101,1.710864873003e-09,5.65495820569888e-06,-4.13123125842148e-07,0.000615588746598387
55959.5143755845,-5.92672483930079e-07,-5.10881235525924e-06,-1.66969845062766e-07,-0.00055572490189249,1.68738234134583e-09,5.61600988411383e-06,-4.07452047488653e-07,0.00061134895425465
56347.6019130871,-5.84537000984182e-07,-5.07357359528829e-06,-1.64678128095838e-07,-0.00055189736194053,1.66422207829162e-09,5.57732982391613e-06,-4.01858817918925e-07,0.000607138362917233
56738.380895261,-5.76513187553379e-07,-5.03857861358642e-06,-1.62417861197679e-07,-0.000548096184739208,1.64137966223949e-09,5.53891617729461e-06,-3.96342368476534e-07,0.000602956771469024
57131.8699876742,-5.68599510957326e-07,-5.00382570909336e-06,-1.60188612890573e-07,-0.00054432118869732,1.61885073222302e-09,5.50076710916865e-06,-3.90901645174869e-07,0.000598803980178058
57528.0879853436,-5.60794459548627e-07,-4.96931319291739e-06,-1.57989957613088e-07,-0.00054057219347477,1.59663098707955e-09,5.46288079710037e-06,-3.85535608495744e-07,0.000594679790687968
57927.053813632,-5.53096542424307e-07,-4.93503938824231e-06,-1.55821475639043e-07,-0.000536849019973958,1.57471618463091e-09,5.42525543120751e-06,-3.80243233190803e-07,0.000590584006008519
58328.7865291527,-5.45504289141205e-07,-4.9010026302351e-06,-1.53682752997581e-07,-0.000533151490331204,1.55310214087534e-09,5.38788921407687e-06,-3.75023508085616e-07,0.000586516430506192
58733.3053206791,-5.38016249435306e-07,-4.86720126595457e-06,-1.51573381394348e-07,-0.000529479427908249,1.53178472919042e-09,5.35078036067836e-06,-3.69875435886495e-07,0.000582476869894849
59140.6295100621,-5.30630992944882e-07,-4.83363365426062e-06,-1.49492958133729e-07,-0.000525832657283798,1.51075987954694e-09,5.31392709827961e-06,-3.64798032989939e-07,0.000578465131226443
59550.7785531519,-5.2334710893747e-07,-4.80029816572454e-06,-1.47441086042163e-07,-0.000522211004245141,1.49002357773354e-09,5.27732766636124e-06,-3.59790329294709e-07,0.000574481022881815
59963.7720407286,-5.16163206040551e-07,-4.76719318253982e-06,-1.45417373392498e-07,-0.000518614295779809,1.46957186459182e-09,5.24098031653262e-06,-3.54851368016475e-07,0.000570524354561529
60379.6296994364,-5.09077911975965e-07,-4.73431709843408e-06,-1.43421433829384e-07,-0.000515042360067312,1.44940083526216e-09,5.20488331244835e-06,-3.49980205505015e-07,0.000566594937276796
60798.3713927276,-5.02089873297926e-07,-4.70166831858142e-06,-1.41452886295683e-07,-0.00051149502647091,1.42950663843954e-09,5.16903492972512e-06,-3.45175911063907e-07,0.000562692583340436
61220.0171218097,-4.95197755134665e-07,-4.66924525951585e-06,-1.39511354959888e-07,-0.000507972125529463,1.40988547563987e-09,5.13343345585935e-06,-3.40437566772724e-07,0.000558817106357922
61644.5870266023,-4.88400240933588e-07,-4.63704634904525e-06,-1.37596469144528e-07,-0.000504473488949321,1.39053360047603e-09,5.09807719014525e-06,-3.35764267311637e-07,0.000554968321218472
62072.1013866976,-4.81696032209951e-07,-4.60507002616627e-06,-1.35707863255564e-07,-0.000500998949596276,1.37144731794412e-09,5.06296444359354e-06,-3.31155119788458e-07,0.000551146044086213
62502.5806223305,-4.75083848298958e-07,-4.57331474097976e-06,-1.33845176712737e-07,-0.000497548341487571,1.35262298371918e-09,5.02809353885062e-06,-3.26609243568026e-07,0.000547350092391395
62936.0452953524,-4.68562426111283e-07,-4.54177895460714e-06,-1.32008053880875e-07,-0.000494121499783965,1.33405700346082e-09,4.99346281011847e-06,-3.22125770103965e-07,0.000543580284821678
63372.5161102152,-4.62130519891923e-07,-4.51046113910735e-06,-1.30196144002142e-07,-0.000490718260781843,1.31574583212813e-09,4.95907060307491e-06,-3.17703842772722e-07,0.000539836441313463
63812.0139149584,-4.55786900982375e-07,-4.47935977739462e-06,-1.28409101129208e-07,-0.000487338461905399,1.29768597330411e-09,4.92491527479457e-06,-3.13342616709914e-07,0.000536118383043302
64254.5597022062,-4.49530357586059e-07,-4.44847336315682e-06,-1.26646584059334e-07,-0.000483981941698849,1.27987397852924e-09,4.89099519367027e-06,-3.09041258648892e-07,0.000532425932419348
64700.1746101695,-4.43359694536974e-07,-4.41780040077468e-06,-1.24908256269364e-07,-0.000480648539818725,1.26230644664426e-09,4.8573087393351e-06,-3.04798946761547e-07,0.000528758913072883
65148.8799236562,-4.37273733071504e-07,-4.38733940524156e-06,-1.23193785851595e-07,-0.000477338097026192,1.24498002314183e-09,4.82385430258485e-06,-3.00614870501277e-07,0.000525117149849882
65600.697075087,-4.31271310603387e-07,-4.35708890208399e-06,-1.2150284545054e-07,-0.00047405045517945,1.22789139952722e-09,4.79063028530114e-06,-2.96488230448133e-07,0.000521500468802657
66055.6476455202,-4.25351280501731e-07,-4.3270474272828e-06,-1.19835112200539e-07,-0.000470785457226158,1.21103731268758e-09,4.757635100375e-06,-2.92418238156069e-07,0.000517908697181545
66513.7533656814,-4.19512511872109e-07,-4.2972135271951e-06,-1.18190267664237e-07,-0.000467542947195937,1.19441454426997e-09,4.72486717163099e-06,-2.88404116002311e-07,0.00051434166342666
66975.0361170023,-4.13753889340627e-07,-4.26758575847665e-06,-1.16567997771896e-07,-0.000464322770192903,1.17801992006781e-09,4.69232493375181e-06,-2.84445097038772e-07,0.00051079919715969
67439.5179326655,-4.08074312840983e-07,-4.23816268800518e-06,-1.1496799276154e-07,-0.000461124772388266,1.16185030941579e-09,4.66000683220353e-06,-2.80540424845524e-07,0.000507281129175775
67907.2209986571,-4.02472697404412e-07,-4.20894289280414e-06,-1.13389947119917e-07,-0.000457948801012973,1.14590262459305e-09,4.62791132316123e-06,-2.76689353386266e-07,0.00050378729143541
68378.167654826,-3.96947972952551e-07,-4.1799249599672e-06,-1.11833559524275e-07,-0.000454794704350407,1.1301738202345e-09,4.59603687343521e-06,-2.72891146865798e-07,0.000500317517056428
68852.3803959518,-3.91499084093105e-07,-4.15110748658337e-06,-1.10298532784922e-07,-0.000451662331729128,1.11466089275023e-09,4.56438196039766e-06,-2.69145079589422e-07,0.000496871640306025
69329.8818728181,-3.86124989918352e-07,-4.12248907966271e-06,-1.08784573788588e-07,-0.000448551533515675,1.09936087975284e-09,4.53294507190994e-06,-2.654504358243e-07,0.000493449496592849
69810.6948932956,-3.80824663806379e-07,-4.09406835606273e-06,-1.07291393442549e-07,-0.000445462161107406,1.08427085949264e-09,4.5017247062502e-06,-2.618065096627e-07,0.000490050922459134
70294.8424234306,-3.75597093225074e-07,-4.06584394241534e-06,-1.05818706619522e-07,-0.0004423940669254,1.06938795030056e-09,4.4707193720417e-06,-2.58212604887124e-07,0.000486675755572895
70782.3475885425,-3.70441279538777e-07,-4.03781447505444e-06,-1.04366232103312e-07,-0.000439347104407395,1.05470931003868e-09,4.4399275881814e-06,-2.54668034837287e-07,0.000483323834720173
71273.2336743282,-3.65356237817616e-07,-4.00997859994414e-06,-1.02933692535205e-07,-0.000436321128000788,1.0402321355583e-09,4.40934788376925e-06,-2.51172122278921e-07,0.00047999499979734
71767.5241279742,-3.60340996649421e-07,-3.98233497260752e-06,-1.01520814361093e-07,-0.00043331599315567,1.02595366216544e-09,4.37897879803784e-06,-2.47724199274383e-07,0.000476689091803445
72265.2425592773,-3.55394597954249e-07,-3.95488225805599e-06,-1.0012732777932e-07,-0.000430331556317918,1.01187116309362e-09,4.34881888028253e-06,-2.44323607055031e-07,0.000473405952832623
72766.4127417709,-3.50516096801441e-07,-3.92761913071932e-06,-9.87529666892512e-08,-0.000427367674922336,9.979819489839e-10,4.31886668979223e-06,-2.4096969589537e-07,0.000470145426066556
73271.058613862,-3.45704561229182e-07,-3.90054427437611e-06,-9.73974686405314e-08,-0.000424424207385832,9.84283367372e-10,4.28912079578036e-06,-2.37661824988898e-07,0.000466907355766978
73779.2042799737,-3.40959072066547e-07,-3.87365638208496e-06,-9.6060574783054e-08,-0.000421501013100657,9.70772802182486e-10,4.25957977731661e-06,-2.34399362325686e-07,0.000463691587268239
74290.8740116972,-3.3627872275798e-07,-3.8469541561161e-06,-9.47420298176026e-08,-0.000418597952427677,9.57447673229832e-10,4.23024222325893e-06,-2.31181684571615e-07,0.000460497966969916
74806.0922489501,-3.31662619190191e-07,-3.82043630788368e-06,-9.34415819471759e-08,-0.000415714886689705,9.44305435726375e-10,4.2011067321861e-06,-2.28008176949286e-07,0.000457326342329483
75324.8836011454,-3.27109879521406e-07,-3.79410155787854e-06,-9.21589828289727e-08,-0.000412851678164862,9.31343579796938e-10,4.17217191233074e-06,-2.24878233120553e-07,0.000454176561855014
75847.2728483651,-3.22619634012994e-07,-3.76794863560157e-06,-9.08939875270419e-08,-0.000410008190080003,9.18559630000177e-10,4.14343638151282e-06,-2.21791255070682e-07,0.000451048475097957
76373.2849425456,-3.18191024863361e-07,-3.74197627949757e-06,-8.96463544655719e-08,-0.000407184286604173,9.05951144856405e-10,4.11489876707354e-06,-2.18746652994086e-07,0.000447941932645944
76902.9450086679,-3.13823206044163e-07,-3.71618323688973e-06,-8.84158453828288e-08,-0.000404379832842118,8.93515716381962e-10,4.08655770580975e-06,-2.15743845181639e-07,0.000444856786115656
77436.2783459591,-3.09515343138737e-07,-3.69056826391454e-06,-8.72022252857161e-08,-0.000401594694827831,8.81250969629875e-10,4.05841184390877e-06,-2.1278225790953e-07,0.000441792888145733
77973.3104290997,-3.05266613182764e-07,-3.66513012545733e-06,-8.60052624049653e-08,-0.000398828739518156,8.69154562236902e-10,4.03045983688374e-06,-2.09861325329653e-07,0.00043875009238974
78514.0669094413,-3.01076204507108e-07,-3.63986759508824e-06,-8.48247281509323e-08,-0.00039608183478642,8.57224183976699e-10,4.00270034950926e-06,-2.06980489361483e-07,0.000435728253509174
79058.5736162311,-2.9694331658282e-07,-3.61477945499878e-06,-8.36603970700058e-08,-0.000393353849416127,8.45457556319169e-10,3.97513205575768e-06,-2.04139199585458e-07,0.000432727227166524
79606.8565578463,-2.92867159868261e-07,-3.58986449593884e-06,-8.25120468016072e-08,-0.000390644653094676,8.338524319958e-10,3.94775363873563e-06,-2.0133691313781e-07,0.000429746870018373
80158.9419230357,-2.88846955658329e-07,-3.56512151715429e-06,-8.13794580357836e-08,-0.000387954116407141,8.22406594570994e-10,3.92056379062114e-06,-1.98573094606843e-07,0.000426787039708558
80714.8560821713,-2.84881935935742e-07,-3.54054932632494e-06,-8.02624144713779e-08,-0.000385282110830076,8.11117858019237e-10,3.8935612126011e-06,-1.95847215930638e-07,0.000423847594861365
81274.6255885071,-2.80971343224381e-07,-3.51614673950322e-06,-7.91607027747759e-08,-0.000382628508725383,7.99984066308099e-10,3.86674461480919e-06,-1.93158756296161e-07,0.00042092839507478
81838.2771794484,-2.77114430444622e-07,-3.49191258105309e-06,-7.80741125392128e-08,-0.000379993183334199,7.89003092986888e-10,3.84011271626424e-06,-1.90507202039751e-07,0.000418029300913781
82405.8377778279,-2.73310460770675e-07,-3.46784568358966e-06,-7.70024362446449e-08,-0.000377376008770848,7.7817284078102e-10,3.81366424480901e-06,-1.87892046548983e-07,0.000415150173903679
82977.3344931927,-2.6955870748986e-07,-3.44394488791914e-06,-7.59454692181612e-08,-0.000374776860016817,7.67491241191861e-10,3.78739793704936e-06,-1.85312790165869e-07,0.000412290876523501
83552.7946230977,-2.6585845386383e-07,-3.42020904297938e-06,-7.49030095949472e-08,-0.000372195612914784,7.56956254102126e-10,3.76131253829392e-06,-1.82768940091395e-07,0.000409451272199431
84132.2456544116,-2.62208992991685e-07,-3.39663700578077e-06,-7.38748582797748e-08,-0.000369632144162681,7.46565867386617e-10,3.73540680249407e-06,-1.80260010291365e-07,0.000406631225298273
84715.7152646274,-2.58609627674975e-07,-3.37322764134774e-06,-7.28608189090265e-08,-0.000367086331307806,7.36318096528364e-10,3.70967949218442e-06,-1.77785521403535e-07,0.000403830601120985
85303.2313231867,-2.55059670284544e-07,-3.3499798226606e-06,-7.18606978132343e-08,-0.000364558052740963,7.26210984239952e-10,3.68412937842367e-06,-1.75345000646031e-07,0.000401049265896236
85894.8218928089,-2.51558442629214e-07,-3.32689243059794e-06,-7.0874303980137e-08,-0.000362047187690657,7.16242600090114e-10,3.65875524073588e-06,-1.72937981727012e-07,0.000398287086774025
86490.5152308334,-2.48105275826257e-07,-3.30396435387939e-06,-6.99014490182378e-08,-0.000359553616217316,7.06411040135356e-10,3.63355586705209e-06,-1.70564004755582e-07,0.000395543931819328
87090.3397905676,-2.44699510173654e-07,-3.28119448900892e-06,-6.89419471208676e-08,-0.000357077219207562,6.96714426556718e-10,3.60853005365249e-06,-1.68222616153923e-07,0.000392819670005803
87694.3242226474,-2.41340495024098e-07,-3.25858174021853e-06,-6.79956150307344e-08,-0.000354617878368516,6.87150907301435e-10,3.58367660510881e-06,-1.65913368570629e-07,0.000390114171209525
88302.4973764047,-2.3802758866074e-07,-3.23612501941242e-06,-6.70622720049632e-08,-0.000352175476222149,6.77718655729565e-10,3.55899433422722e-06,-1.63635820795239e-07,0.000387427306202779
88914.8883012464,-2.34760158174618e-07,-3.21382324611156e-06,-6.61417397806118e-08,-0.00034974989609966,6.68415870265416e-10,3.5344820619916e-06,-1.61389537673934e-07,0.000384758946647878
89531.5262480405,-2.31537579343792e-07,-3.19167534739873e-06,-6.52338425406611e-08,-0.000347341022135908,6.59240774053797e-10,3.51013861750721e-06,-1.59174090026401e-07,0.000382108965091043
90152.440670515,-2.28359236514115e-07,-3.16968025786395e-06,-6.43384068804695e-08,-0.000344948739263866,6.50191614620922e-10,3.48596283794468e-06,-1.56989054563825e-07,0.000379477234956308
90777.661226663,-2.2522452248166e-07,-3.14783691955038e-06,-6.34552617746893e-08,-0.000342572933209132,6.41266663540024e-10,3.46195356848449e-06,-1.54834013808021e-07,0.000376863630539478
91407.217780161,-2.22132838376739e-07,-3.12614428190063e-06,-6.25842385446334e-08,-0.000340213490484457,6.32464216101492e-10,3.43810966226178e-06,-1.52708556011663e-07,0.000374268027002122
92041.1404017939,-2.19083593549538e-07,-3.10460130170346e-06,-6.17251708260926e-08,-0.000337870298384332,6.23782590987582e-10,3.41442998031151e-06,-1.50612275079625e-07,0.000371690300365615
92679.4593708925,-2.16076205457293e-07,-3.08320694304093e-06,-6.08778945375901e-08,-0.000335543244979591,6.15220129951537e-10,3.39091339151406e-06,-1.48544770491378e-07,0.000369130327505211
93322.2051767786,-2.13110099553043e-07,-3.06196017723593e-06,-6.00422478490754e-08,-0.000333232219112071,6.06775197501158e-10,3.36755877254119e-06,-1.46505647224477e-07,0.000366587986144167
93969.4085202226,-2.10184709175884e-07,-3.04085998280015e-06,-5.92180711510424e-08,-0.000330937110389294,5.98446180586654e-10,3.3443650078023e-06,-1.44494515679079e-07,0.000364063154847897
94621.1003149089,-2.07299475442746e-07,-3.01990534538244e-06,-5.84052070240752e-08,-0.000328657809179196,5.90231488292824e-10,3.32133098939119e-06,-1.42510991603513e-07,0.00036155571301818
95277.3116889132,-2.04453847141648e-07,-2.99909525771755e-06,-5.76035002088074e-08,-0.00032639420660488,5.82129551535415e-10,3.29845561703306e-06,-1.40554696020854e-07,0.00035906554088739
95938.0739861886,-2.01647280626418e-07,-2.97842871957529e-06,-5.68127975762965e-08,-0.000324146194539425,5.74138822761678e-10,3.27573779803198e-06,-1.38625255156524e-07,0.000356592519512784
96603.4187680637,-1.98879239712855e-07,-2.95790473771005e-06,-5.60329480988013e-08,-0.000321913665600707,5.66257775654997e-10,3.25317644721864e-06,-1.3672230036687e-07,0.000354136530770815
97273.3778147489,-1.96149195576326e-07,-2.93752232581079e-06,-5.52638028209626e-08,-0.000319696513146273,5.58484904843597e-10,3.23077048689851e-06,-1.34845468068739e-07,0.000351697457351493
97947.983126856,-1.93456626650753e-07,-2.91728050445128e-06,-5.45052148313754e-08,-0.000317494631268245,5.50818725613211e-10,3.20851884680032e-06,-1.3299439967e-07,0.000349275182752781
98627.2669269249,-1.90801018529003e-07,-2.89717830104088e-06,-5.37570392345556e-08,-0.000315307914788258,5.43257773623724e-10,3.18642046402498e-06,-1.31168741501039e-07,0.000346869591275031
99311.2616609643,-1.88181863864624e-07,-2.87721474977553e-06,-5.30191331232849e-08,-0.000313136259252434,5.35800604629663e-10,3.16447428299468e-06,-1.29368144747183e-07,0.000344480568015457
100000,-1.85598662274954e-07,-2.8573888915893e-06,-5.22913555513413e-08,-0.000310979560926389,5.28445794204555e-10,3.14267925540258e-06,-1.27592265382055e-07,0.000342107998862648
