Frequency_Hz,Y11_Real,Y11_Imag,Y12_Real,Y12_Imag,Y21_Real,Y21_Imag,Y22_Real,Y22_Imag
0.1,0.370930839980453,-0.00368445877080963,-0.514677518821126,0.000580738603720232,-0.14624784048222,0.000580622800920543,-0.476931066039523,-8.80619219842428e-05
0.100693514841637,0.370930694196407,-0.00371003202940025,-0.514677766001442,0.000584778457983005,-0.146247967662712,0.000584660233574726,-0.476931980694615,-8.86274435511064e-05
0.10139183931163,0.370930546336843,-0.00373578307897452,-0.514678016603501,0.000588846586808411,-0.146248096596305,0.000588725890215008,-0.476932908021328,-8.91959428741089e-05
0.102095006765465,0.370930396371577,-0.0037617131615783,-0.514678270674406,0.000592943191643371,-0.146248227306923,0.000592819971234182,-0.476933848194385,-8.97674209191686e-05
0.102803050789954,0.370930244269974,-0.00378782352805675,-0.514678528261906,0.000597068475442816,-0.14624835981881,0.000596942678511164,-0.476934801390896,-9.03418782498208e-05
0.103516005204838,0.370930090000933,-0.00381411543811918,-0.514678789414398,0.000601222642682438,-0.146248494156536,0.000601094215423282,-0.476935767790386,-9.09193150160428e-05
0.104233904064403,0.370929933532883,-0.00384059016040432,-0.514679054180937,0.000605405899371537,-0.146248630344996,0.00060527478685867,-0.476936747574833,-9.14997309427526e-05
0.104956781659108,0.370929774833773,-0.0038672489725462,-0.514679322611246,0.000609618453066068,-0.146248768409419,0.000609484599228829,-0.476937740928696,-9.20831253180057e-05
0.105684672517218,0.37092961387107,-0.00389409316124042,-0.514679594755723,0.000613860512881752,-0.14624890837537,0.00061372386048127,-0.476938748038951,-9.26694969810571e-05
0.106417611406461,0.370929450611742,-0.00392112402231115,-0.514679870665451,0.000618132289507359,-0.146249050268754,0.000617992780112318,-0.476939769095124,-9.32588443100339e-05
0.10715563333568,0.370929285022258,-0.00394834286077852,-0.514680150392208,0.000622433995218172,-0.146249194115821,0.000622291569180046,-0.476940804289325,-9.38511652094215e-05
0.107898773556513,0.370929117068577,-0.00397575099092667,-0.514680433988476,0.000626765843889534,-0.146249339943172,0.000626620440317333,-0.476941853816281,-9.44464570971949e-05
0.108647067565072,0.370928946716138,-0.00400334973637225,-0.514680721507445,0.000631128051010564,-0.14624948777776,0.000630979607745056,-0.476942917873373,-9.50447168917359e-05
0.109400551103639,0.370928773929854,-0.00403114043013351,-0.514681013003032,0.000635520833698031,-0.146249637646896,0.000635369287285427,-0.47694399666067,-9.56459409984373e-05
0.110159260162376,0.370928598674102,-0.00405912441470011,-0.514681308529883,0.00063994441071037,-0.146249789578256,0.000639789696375477,-0.476945090380967,-9.62501252959914e-05
0.11092323098104,0.370928420912717,-0.00408730304210318,-0.514681608143386,0.000644399002461859,-0.14624994359988,0.000644241054080659,-0.476946199239816,-9.68572651223708e-05
0.111692500050717,0.370928240608977,-0.00411567767398631,-0.514681911899678,0.000648884831036912,-0.146250099740184,0.000648723581108605,-0.476947323445569,-9.74673552605748e-05
0.112467104115564,0.370928057725601,-0.00414424968167685,-0.514682219855659,0.000653402120204592,-0.146250258027956,0.000653237499823045,-0.476948463209412,-9.80803899239685e-05
0.113247080174565,0.370927872224736,-0.00417302044625793,-0.514682532069,0.000657951095433231,-0.146250418492368,0.000657783034257834,-0.476949618745403,-9.86963627413531e-05
0.114032465483296,0.370927684067946,-0.00420199135864107,-0.51468284859815,0.000662531983905241,-0.146250581162979,0.000662360410131175,-0.476950790270508,-9.93152667416904e-05
0.114823297555707,0.370927493216208,-0.00423116381963937,-0.514683169502352,0.000667145014532059,-0.146250746069737,0.000666969854859959,-0.476951978004644,-9.99370943384828e-05
0.115619614165913,0.370927299629895,-0.00426053924004124,-0.514683494841649,0.000671790417969295,-0.146250913242985,0.000671611597574257,-0.476953182170715,-0.000100561837313894
0.116421453349997,0.370927103268774,-0.0042901190406849,-0.514683824676897,0.000676468426632005,-0.14625108271347,0.000676285869132004,-0.476954402994653,-0.000101189486802353
0.117228853407829,0.370926904091989,-0.00431990465253328,-0.514684159069776,0.000681179274710175,-0.146251254512343,0.000680992902133778,-0.476955640705456,-0.000101820033274035
0.118041852904894,0.370926702058054,-0.00434989751674979,-0.514684498082796,0.000685923198184363,-0.146251428671163,0.000685732930937824,-0.476956895535229,-0.000102453466517709
0.118860490674132,0.370926497124842,-0.0043800990847745,-0.514684841779315,0.00069070043484149,-0.146251605221909,0.000690506191675148,-0.47695816771923,-0.000103089775623469
0.1196848058178,0.370926289249576,-0.00441051081840107,-0.514685190223545,0.000695511224290851,-0.14625178419698,0.000695312922264837,-0.476959457495903,-0.000103728948964908
0.120514837709331,0.370926078388816,-0.00444113418985433,-0.514685543480564,0.000700355807980288,-0.146251965629198,0.000700153362429527,-0.476960765106926,-0.00010437097418102
0.12135062599522,0.370925864498446,-0.00447197068186848,-0.514685901616329,0.000705234429212526,-0.146252149551821,0.000705027753711032,-0.476962090797254,-0.000105015838157647
0.122192210596917,0.370925647533668,-0.00450302178776589,-0.514686264697687,0.000710147333161734,-0.14625233599854,0.000709936339486157,-0.476963434815158,-0.00010566352700854
0.123039631712731,0.370925427448986,-0.00453428901153666,-0.514686632792385,0.000715094766890235,-0.146252525003489,0.000714879364982679,-0.476964797412272,-0.000106314026055945
0.123892929819754,0.370925204198199,-0.00456577386791882,-0.514687005969083,0.000720076979365448,-0.146252716601251,0.00071985707729549,-0.476966178843635,-0.000106967319811017
0.124752145675793,0.370924977734382,-0.00459747788247912,-0.514687384297366,0.000725094221476975,-0.146252910826861,0.000724869725402946,-0.476967579367739,-0.000107623391953429
0.125617320321316,0.37092474800988,-0.00462940259169468,-0.514687767847755,0.000730146746053926,-0.14625310771581,0.000729917560183379,-0.476968999246571,-0.000108282225310868
0.126488495081411,0.370924514976296,-0.00466154954303513,-0.514688156691722,0.000735234807882425,-0.146253307304058,0.000735000834431783,-0.476970438745658,-0.000108943801837923
0.127365711567764,0.370924278584471,-0.00469392029504552,-0.514688550901696,0.000740358663723316,-0.14625350962803,0.000740119802876709,-0.47697189813412,-0.000109608102594569
0.128249011680643,0.370924038784481,-0.00472651641743006,-0.514688950551084,0.000745518572330094,-0.146253714724628,0.000745274722197339,-0.476973377684707,-0.000110275107724198
0.129138437610901,0.370923795525617,-0.00475933949113636,-0.514689355714277,0.000750714794466992,-0.146253922631237,0.000750465851040737,-0.476974877673857,-0.000110944796431124
0.130034031841991,0.370923548756374,-0.00479239110844054,-0.514689766466664,0.00075594759292737,-0.146254133385725,0.000755693450039322,-0.476976398381735,-0.000111617146957683
0.130935837151994,0.370923298424438,-0.00482567287303292,-0.514690182884649,0.000761217232552212,-0.146254347026455,0.000760957781828499,-0.476977940092288,-0.000112292136560839
0.131843896615665,0.370923044476671,-0.00485918640010468,-0.514690605045659,0.000766523980248924,-0.146254563592289,0.000766259111064538,-0.476979503093292,-0.000112969741488167
0.132758253606487,0.370922786859099,-0.00489293331643498,-0.514691033028158,0.000771868105010324,-0.146254783122593,0.000771597704442612,-0.476981087676401,-0.00011364993695348
0.133678951798747,0.370922525516892,-0.00492691526047899,-0.514691466911663,0.000777249877933829,-0.146255005657243,0.000776973830715056,-0.476982694137199,-0.000114332697111863
0.134606035169616,0.370922260394359,-0.00496113388245674,-0.514691906776756,0.000782669572240907,-0.146255231236632,0.000782387760709853,-0.47698432277525,-0.000115017995034161
0.135539548001256,0.370921991434925,-0.00499559084444243,-0.514692352705097,0.000788127463296756,-0.146255459901677,0.000787839767349285,-0.476985973894151,-0.000115705802680999
0.136479534882933,0.370921718581118,-0.00503028782045491,-0.514692804779439,0.000793623828630191,-0.146255691693823,0.000793330125668857,-0.476987647801583,-0.000116396090876138
0.137426040713143,0.370921441774555,-0.00506522649654867,-0.514693263083642,0.00079915894795379,-0.146255926655049,0.000798859112836387,-0.476989344809365,-0.000117088829279362
0.138379110701763,0.370921160955925,-0.00510040857090562,-0.514693727702685,0.000804733103184277,-0.146256164827879,0.000804427008171336,-0.476991065233506,-0.000117783986358727
0.139338790372205,0.370920876064974,-0.00513583575392785,-0.514694198722685,0.000810346578463144,-0.146256406255381,0.000810034093164375,-0.476992809394261,-0.000118481529362328
0.140305125563594,0.370920587040487,-0.00517150976833096,-0.514694676230904,0.000815999660177525,-0.14625665098118,0.000815680651497155,-0.476994577616186,-0.00011918142428928
0.141278162432955,0.370920293820272,-0.00520743234923838,-0.514695160315772,0.000821692636981331,-0.146256899049462,0.000821366969062321,-0.476996370228192,-0.000119883635860248
0.14225794745742,0.370919996341144,-0.00524360524427645,-0.514695651066897,0.000827425799816619,-0.146257150504978,0.000827093333983756,-0.4769981875636,-0.00012058812748738
0.143244527436446,0.370919694538908,-0.00528003021367026,-0.514696148575079,0.000833199441935229,-0.146257405393054,0.000832860036637059,-0.477000029960203,-0.00012129486124339
0.14423794949405,0.370919388348337,-0.00531670903034039,-0.514696652932331,0.00083901385892071,-0.146257663759599,0.000838667369670266,-0.477001897760317,-0.00012200379783027
0.145238261081064,0.370919077703161,-0.00535364348000058,-0.514697164231886,0.000844869348710467,-0.146257925651106,0.000844515628024818,-0.477003791310844,-0.000122714896547103
0.146245509977397,0.370918762536042,-0.005390835361256,-0.51469768256822,0.000850766211618222,-0.146258191114664,0.000850405108956765,-0.477005710963329,-0.000123428115257333
0.147259744294318,0.370918442778561,-0.00542828648570268,-0.514698208037063,0.000856704750356704,-0.146258460197961,0.000856336112058226,-0.477007657074019,-0.000124143410355403
0.148281012476756,0.370918118361192,-0.00546599867802761,-0.514698740735418,0.000862685270060677,-0.146258732949296,0.000862308939279115,-0.477009630003924,-0.000124860736732471
0.149309363305612,0.370917789213291,-0.00550397377610978,-0.514699280761573,0.000868708078310215,-0.146259009417579,0.000868323894949109,-0.477011630118878,-0.000125580047741637
0.150344845900091,0.370917455263071,-0.00554221363112211,-0.514699828215123,0.000874773485154237,-0.146259289652344,0.00087438128579988,-0.4770136577896,-0.000126301295162376
0.151387509720044,0.37091711643758,-0.00558072010763429,-0.514700383196981,0.00088088180313441,-0.146259573703754,0.000880481420987593,-0.477015713391757,-0.000127024429164117
0.152437404568337,0.370916772662687,-0.0056194950837165,-0.514700945809397,0.00088703334730929,-0.146259861622605,0.000886624612115694,-0.477017797306025,-0.000127749398269213
0.153494580593225,0.370916423863053,-0.00565854045104406,-0.514701516155973,0.000893228435278755,-0.146260153460339,0.000892811173257929,-0.477019909918156,-0.000128476149315083
0.154559088290748,0.370916069962117,-0.00569785811500301,-0.514702094341685,0.000899467387208811,-0.146260449269046,0.000899041420981684,-0.47702205161904,-0.000129204627415551
0.155630978507143,0.370915710882069,-0.00573744999479663,-0.514702680472892,0.000905750525856642,-0.146260749101475,0.000905315674371584,-0.477024222804772,-0.000129934775921381
0.156710302441275,0.370915346543831,-0.00577731802355286,-0.514703274657362,0.000912078176595988,-0.146261053011039,0.000911634255053366,-0.477026423876715,-0.000130666536380004
0.15779711164708,0.370914976867031,-0.00581746414843271,-0.514703877004282,0.000918450667442861,-0.146261361051821,0.000917997487218078,-0.47702865524157,-0.000131399848494425
0.158891458036027,0.370914601769983,-0.00585789033073972,-0.51470448762428,0.000924868329081601,-0.146261673278588,0.000924405697646543,-0.477030917311442,-0.000132134650081259
0.159993393879601,0.370914221169661,-0.00589859854603018,-0.514705106629443,0.000931331494891186,-0.146261989746789,0.000930859215734109,-0.477033210503906,-0.000132870877027944
0.161102971811794,0.370913834981679,-0.00593959078422456,-0.514705734133331,0.000937840500971987,-0.14626231051257,0.000937358373515765,-0.47703553524208,-0.000133608463248884
0.162220244831628,0.370913443120258,-0.00598086904971979,-0.514706370251002,0.000944395686172739,-0.146262635632779,0.000943903505691472,-0.477037891954692,-0.000134347340641057
0.163345266305675,0.370913045498211,-0.00602243536150264,-0.514707015099022,0.000950997392117979,-0.146262965164973,0.000950494949651896,-0.477040281076152,-0.000135087439038277
0.164478089970617,0.37091264202691,-0.00606429175326398,-0.514707668795493,0.000957645963235731,-0.146263299167425,0.000957133045504382,-0.477042703046619,-0.000135828686164831
0.165618769935804,0.370912232616266,-0.00610644027351423,-0.514708331460063,0.000964341746785603,-0.146263637699135,0.000963818136099305,-0.47704515831208,-0.000136571007588029
0.166767360685846,0.370911817174694,-0.00614888298569975,-0.514709003213952,0.000971085092887238,-0.146263980819833,0.000970550567056709,-0.477047647324416,-0.000137314326669788
0.167923917083208,0.370911395609095,-0.00619162196832031,-0.514709684179965,0.00097787635454911,-0.146264328589993,0.000977330686793305,-0.477050170541481,-0.000138058564517256
0.169088494370839,0.370910967824823,-0.00623465931504759,-0.514710374482518,0.000984715887697718,-0.146264681070833,0.00098415884654978,-0.477052728427172,-0.000138803639932385
0.170261148174801,0.370910533725658,-0.00627799713484471,-0.514711074247652,0.000991604051207122,-0.146265038324331,0.000991035400418453,-0.477055321451507,-0.000139549469360463
0.171441934506935,0.370910093213777,-0.00632163755208702,-0.514711783603056,0.000998541206928891,-0.146265400413226,0.000997960705371295,-0.4770579500907,-0.00014029596683772
0.172630909767531,0.370909646189725,-0.00636558270668374,-0.514712502678086,0.00100552771972245,-0.14626576740103,0.00100493512128828,-0.477060614827235,-0.000141043043937576
0.173828130748022,0.370909192552386,-0.00640983475420087,-0.514713231603786,0.00101256395748577,-0.146266139352036,0.00101195901098606,-0.477063316149951,-0.000141790609716239
0.1750336546337,0.370908732198948,-0.0064543958659851,-0.514713970512906,0.00101965029118649,-0.146266516331323,0.0010190327402471,-0.477066054554111,-0.0001425385706567
0.176247539006444,0.370908265024879,-0.00649926822928904,-0.514714719539927,0.00102678709489347,-0.146266898404767,0.00102615667784905,-0.477068830541489,-0.00014328683061194
0.177469841847474,0.370907790923889,-0.00654445404739725,-0.514715478821077,0.00103397474580873,-0.146267285639048,0.00103333119559461,-0.477071644620444,-0.000144035290746837
0.178700621540116,0.370907309787899,-0.00658995553975379,-0.514716248494354,0.00104121362429974,-0.146267678101659,0.00104055666834166,-0.477074497306005,-0.000144783849478941
0.179939936872594,0.370906821507011,-0.00663577494209065,-0.51471702869955,0.00104850411393232,-0.146268075860913,0.00104783347403385,-0.477077389119952,-0.000145532402418026
0.181187847040838,0.370906325969469,-0.00668191450655751,-0.514717819578267,0.00105584660150375,-0.14626847898595,0.00105516199373159,-0.477080320590897,-0.000146280842304364
0.182444411651309,0.370905823061629,-0.00672837650185259,-0.514718621273944,0.00106324147707645,-0.146268887546748,0.00106254261164331,-0.477083292254367,-0.00014702905894589
0.183709690723849,0.370905312667921,-0.00677516321335473,-0.514719433931875,0.0010706891340121,-0.146269301614132,0.0010699757151573,-0.477086304652891,-0.000147776939153951
0.184983744694544,0.370904794670814,-0.00682227694325674,-0.514720257699233,0.00107818996900617,-0.146269721259777,0.00107746169487381,-0.477089358336081,-0.0001485243666779
0.186266634418617,0.370904268950781,-0.00686972001069984,-0.51472109272509,0.0010857443821229,-0.146270146556222,0.00108500094463761,-0.477092453860724,-0.000149271222138168
0.187558421173328,0.370903735386256,-0.00691749475190936,-0.514721939160445,0.0010933527768308,-0.146270577576874,0.00109259386157099,-0.47709559179086,-0.00015001738295823
0.188859166660905,0.370903193853604,-0.0069656035203319,-0.514722797158239,0.00110101556003857,-0.146271014396021,0.00110024084610716,-0.477098772697879,-0.000150762723295041
0.190168933011491,0.370902644227075,-0.0070140486867733,-0.514723666873384,0.00110873314213154,-0.146271457088835,0.00110794230202406,-0.477101997160601,-0.000151507113968136
0.191487782786108,0.370902086378766,-0.00706283263953839,-0.514724548462784,0.00111650593700852,-0.146271905731384,0.00111569863647866,-0.477105265765372,-0.000152250422387278
0.192815778979652,0.370901520178584,-0.00711195778457155,-0.514725442085357,0.00112433436211926,-0.146272360400639,0.00112351026004163,-0.47710857910615,-0.000152992512478689
0.194152985023894,0.370900945494199,-0.00716142654559898,-0.514726347902059,0.00113221883850229,-0.146272821174484,0.00113137758673254,-0.477111937784598,-0.000153733244609738
0.195499464790516,0.370900362191006,-0.00721124136427198,-0.514727266075912,0.00114015979082337,-0.146273288131722,0.00113930103405543,-0.477115342410174,-0.000154472475512271
0.196855282594159,0.370899770132078,-0.00726140470031159,-0.51472819677202,0.00114815764741436,-0.146273761352085,0.00114728102303491,-0.477118793600225,-0.000155210058204312
0.198220503195496,0.370899169178127,-0.00731191903165475,-0.514729140157601,0.0011562128403127,-0.146274240916241,0.00115531797825268,-0.477122291980083,-0.00015594584191013
0.199595191804325,0.370898559187454,-0.00736278685460157,-0.514730096402005,0.00116432580530138,-0.146274726905804,0.00116341232788458,-0.477125838183155,-0.000156679671978813
0.200979414082682,0.370897940015903,-0.00741401068396402,-0.514731065676743,0.00117249698194939,-0.146275219403342,0.00117156450373804,-0.47712943285102,-0.000157411389801285
0.202373236147981,0.370897311516821,-0.00746559305321618,-0.514732048155511,0.00118072681365286,-0.146275718492384,0.00117977494129008,-0.477133076633527,-0.000158140832725605
0.203776724576168,0.370896673541,-0.00751753651464557,-0.514733044014212,0.00118901574767662,-0.146276224257432,0.00118804407972583,-0.477136770188889,-0.000158867833970386
0.205189946404906,0.370896025936636,-0.00756984363950607,-0.514734053430985,0.00119736423519639,-0.146276736783963,0.00119637236197744,-0.477140514183785,-0.000159592222537058
0.206612969136771,0.370895368549277,-0.0076225170181722,-0.514735076586227,0.0012057727313415,-0.146277256158443,0.00120476023476366,-0.477144309293454,-0.000160313823119686
0.208045860742482,0.370894701221768,-0.00767555926029482,-0.514736113662622,0.00121424169523825,-0.146277782468334,0.00121320814862975,-0.477148156201799,-0.000161032456013586
0.209488689664142,0.370894023794205,-0.00772897299495822,-0.514737164845164,0.00122277159005379,-0.146278315802102,0.00122171655798811,-0.477152055601485,-0.000161747937021867
0.210941524818514,0.370893336103877,-0.00778276087083878,-0.514738230321184,0.00123136288304064,-0.146278856249222,0.00123028592115928,-0.477156008194041,-0.000162460077360135
0.212404435600306,0.370892637985217,-0.00783692555636497,-0.514739310280377,0.0012400160455818,-0.146279403900191,0.00123891670041356,-0.477160014689962,-0.000163168683559513
0.21387749188549,0.37089192926974,-0.00789146973987877,-0.514740404914827,0.00124873155323645,-0.146279958846536,0.00124760936201317,-0.477164075808814,-0.000163873557367501
0.215360764034637,0.37089120978599,-0.00794639612979891,-0.514741514419033,0.00125750988578636,-0.146280521180818,0.00125636437625496,-0.477168192279336,-0.00016457449564708
0.21685432289628,0.370890479359486,-0.00800170745478512,-0.51474263898994,0.00126635152728282,-0.146281090996643,0.00126518221751368,-0.477172364839545,-0.000165271290273702
0.218358239810298,0.370889737812654,-0.00805740646390423,-0.51474377882696,0.00127525696609426,-0.14628166838867,0.00127406336428579,-0.477176594236841,-0.000165963728030599
0.21987258661132,0.370888984964775,-0.0081134959267978,-0.514744934132003,0.00128422669495453,-0.146282253452618,0.0012830082992339,-0.477180881228118,-0.000166651590501506
0.22139743563216,0.37088822063192,-0.00816997863385114,-0.514746105109505,0.00129326121101186,-0.146282846285274,0.0012920175092318,-0.477185226579865,-0.000167334653961841
0.222932859707273,0.370887444626887,-0.00822685739636386,-0.514747291966452,0.00130236101587842,-0.146283446984504,0.00130109148540999,-0.477189631068278,-0.000168012689267354
0.224478932176229,0.370886656759137,-0.00828413504672222,-0.51474849491241,0.00131152661568059,-0.146284055649254,0.00131023072320196,-0.47719409547937,-0.00016868546174096
0.22603572688722,0.37088585683473,-0.00834181443857284,-0.514749714159554,0.00132075852110996,-0.146284672379564,0.00131943572239093,-0.477198620609078,-0.000169352731057143
0.227603318200585,0.370885044656257,-0.00839989844699803,-0.514750949922693,0.00133005724747498,-0.146285297276573,0.00132870698715734,-0.477203207263375,-0.000170014251124125
0.229181780992365,0.370884220022773,-0.00845838996869291,-0.514752202419303,0.00133942331475333,-0.146285930442527,0.00133804502612687,-0.477207856258381,-0.000170669769964008
0.230771190657875,0.370883382729723,-0.00851729192214385,-0.51475347186955,0.00134885724764499,-0.146286571980786,0.00134745035241914,-0.477212568420479,-0.000171319029590347
0.23237162311531,0.370882532568876,-0.00857660724780879,-0.514754758496321,0.00135835957562609,-0.146287221995831,0.00135692348369709,-0.477217344586421,-0.000171961765883431
0.233983154809368,0.370881669328252,-0.00863633890829921,-0.514756062525255,0.00136793083300347,-0.146287880593272,0.00136646494221694,-0.477222185603447,-0.000172597708463271
0.235605862714901,0.370880792792043,-0.00869648988856339,-0.514757384184769,0.00137757155896989,-0.146288547879856,0.00137607525487883,-0.477227092329402,-0.000173226580560105
0.237239824340596,0.370879902740542,-0.00875706319607198,-0.514758723706089,0.00138728229766023,-0.146289223963471,0.00138575495327819,-0.477232065632844,-0.000173848098882372
0.238885117732672,0.370878998950062,-0.00881806186100456,-0.514760081323277,0.00139706359820821,-0.146289908953156,0.00139550457375773,-0.477237106393166,-0.000174461973482191
0.240541821478611,0.370878081192861,-0.00887948893643849,-0.514761457273263,0.00140691601480407,-0.146290602959106,0.00140532465746017,-0.477242215500712,-0.000175067907618294
0.242210014710909,0.370877149237057,-0.00894134749853909,-0.514762851795875,0.00141684010675291,-0.146291306092678,0.00141521575038159,-0.477247393856895,-0.000175665597616489
0.24388977711086,0.370876202846548,-0.00900364064675161,-0.514764265133865,0.00142683643853394,-0.1462920184664,0.00142517840342555,-0.477252642374311,-0.00017625473272713
0.24558118891236,0.370875241780927,-0.00906637150399512,-0.514765697532943,0.00143690557986048,-0.146292740193973,0.00143521317245796,-0.477257961976866,-0.000176834994980252
0.247284330905736,0.370874265795398,-0.00912954321685792,-0.514767149241806,0.00144704810574078,-0.146293471390283,0.00144532061836258,-0.477263353599889,-0.000177406059037752
0.24899928444161,0.370873274640683,-0.00919315895579485,-0.514768620512166,0.00145726459653973,-0.146294212171401,0.00145550130709732,-0.477268818190257,-0.00017796759204293
0.250726131434783,0.370872268062937,-0.00925722191532624,-0.514770111598783,0.00146755563804132,-0.146294962654591,0.00146575580975128,-0.477274356706514,-0.000178519253466944
0.252464954368146,0.370871245803656,-0.00932173531423884,-0.514771622759495,0.00147792182151206,-0.146295722958318,0.00147608470260256,-0.477279970118992,-0.000179060694952757
0.254215836296621,0.37087020759958,-0.00938670239578828,-0.514773154255248,0.00148836374376521,-0.146296493202249,0.00148648856717677,-0.477285659409936,-0.000179591560155734
0.25597886085113,0.370869153182601,-0.0094521264279037,-0.514774706350128,0.00149888200722589,-0.146297273507262,0.00149696799030639,-0.477291425573628,-0.000180111484581719
0.257754112242586,0.370868082279664,-0.0095180107033937,-0.514776279311388,0.00150947721999711,-0.146298063995446,0.00150752356419087,-0.477297269616506,-0.000180620095421691
0.259541675265918,0.370866994612667,-0.00958435854015457,-0.514777873409485,0.00152014999592665,-0.146298864790112,0.00151815588645753,-0.477303192557292,-0.00018111701138343
0.261341635304121,0.37086588989836,-0.00965117328138019,-0.514779488918106,0.00153090095467495,-0.146299676015791,0.00152886556022332,-0.477309195427116,-0.000181601842520321
0.263154078332332,0.370864767848239,-0.00971845829577368,-0.514781126114202,0.0015417307217838,-0.146300497798245,0.00153965319415727,-0.477315279269644,-0.000182074190056697
0.26497909092194,0.370863628168441,-0.00978621697776102,-0.514782785278018,0.0015526399287461,-0.146301330264464,0.0015505194025439,-0.477321445141197,-0.00018253364620989
0.266816760244719,0.370862470559639,-0.00985445274770645,-0.514784466693125,0.00156362921307642,-0.146302173542673,0.00156146480534736,-0.477327694110885,-0.000182979794009414
0.268667174076992,0.370861294716923,-0.00992316905213003,-0.51478617064645,0.0015746992183827,-0.146303027762336,0.00157249002827653,-0.477334027260731,-0.000183412207112335
0.270530420803823,0.370860100329696,-0.00999236936392651,-0.51478789742831,0.00158585059443877,-0.146303893054159,0.00158359570285079,-0.477340445685796,-0.000183830449615549
0.27240658942324,0.370858887081551,-0.0100620571825868,-0.514789647332441,0.00159708399725792,-0.146304769550088,0.00159478246646688,-0.477346950494311,-0.000184234075864487
0.274295769550488,0.370857654650157,-0.0101322360344206,-0.514791420656032,0.00160840008916752,-0.146305657383319,0.00160605096246645,-0.477353542807803,-0.000184622630258494
0.276198051422303,0.370856402707138,-0.0102029094727818,-0.514793217699755,0.00161979953888452,-0.146306556688295,0.0016174018402046,-0.477360223761223,-0.000184995647052336
0.278113525901229,0.370855130917949,-0.0102740810782949,-0.514795038767796,0.0016312830215921,-0.146307467600708,0.00162883575511927,-0.477366994503076,-0.000185352650154402
0.280042284479955,0.37085383894175,-0.010345754459084,-0.514796884167889,0.00164285121901731,-0.146308390257501,0.00164035336880154,-0.47737385619555,-0.00018569315292119
0.281984419285683,0.370852526431278,-0.0104179332510034,-0.514798754211347,0.00165450481950972,-0.14630932479687,0.00165195534906688,-0.477380810014644,-0.000186016657947874
0.283940023084533,0.370851193032716,-0.0104906211178701,-0.514800649213092,0.00166624451812122,-0.146310271358265,0.00166364237002726,-0.477387857150301,-0.000186322656855406
0.285909189285972,0.370849838385561,-0.0105638217516989,-0.51480256949169,0.00167807101668675,-0.146311230082385,0.00167541511216428,-0.477394998806534,-0.000186610630073442
0.287892011947275,0.370848462122482,-0.0106375388729384,-0.514804515369378,0.00168998502390631,-0.146312201111184,0.00168727426240318,-0.477402236201559,-0.000186880046619611
0.289888585778017,0.370847063869185,-0.0107117762307094,-0.514806487172103,0.00170198725542786,-0.146313184587869,0.0016992205141878,-0.477409570567924,-0.000187130363874896
0.291899006144599,0.37084564324427,-0.010786537603046,-0.514808485229544,0.00171407843393158,-0.146314180656896,0.0017112545675566,-0.477417003152638,-0.000187361027354588
0.293923369074803,0.370844199859081,-0.0108618267971372,-0.514810509875154,0.0017262592892149,-0.146315189463969,0.00172337712921953,-0.477424535217304,-0.000187571470475725
0.295961771262377,0.370842733317564,-0.0109376476495718,-0.514812561446185,0.00173853055827907,-0.146316211156041,0.00173558891263601,-0.477432168038248,-0.000187761114319979
0.298014310071653,0.370841243216108,-0.0110140040265845,-0.51481464028372,0.00175089298541659,-0.146317245881308,0.00174789063809381,-0.477439902906648,-0.000187929367392425
0.300081083542203,0.370839729143395,-0.0110908998243041,-0.514816746732707,0.00176334732229986,-0.146318293789208,0.00176028303278898,-0.477447741128666,-0.000188075625376358
0.302162190393513,0.37083819068024,-0.011168338969004,-0.514818881141988,0.00177589432807115,-0.146319355030415,0.00177276683090681,-0.477455684025579,-0.000188199270883274
0.304257730029708,0.370836627399428,-0.0112463254173541,-0.514821043864335,0.00178853476943356,-0.146320429756839,0.00178534277370381,-0.477463732933905,-0.000188299673199027
0.306367802544292,0.370835038865549,-0.0113248631566752,-0.514823235256474,0.00180126942074329,-0.146321518121614,0.00179801160959069,-0.477471889205538,-0.000188376188025002
0.308492508724934,0.370833424634833,-0.0114039562051951,-0.514825455679122,0.00181409906410309,-0.146322620279102,0.00181077409421646,-0.477480154207871,-0.000188428157215273
0.31063195005828,0.370831784254972,-0.0114836086123066,-0.514827705497014,0.00182702448945698,-0.146323736384877,0.00182363099055353,-0.477488529323931,-0.000188454908508787
0.312786228734801,0.370830117264948,-0.0115638244588277,-0.514829985078937,0.00184004649468612,-0.146324866595728,0.0018365830689839,-0.477497015952506,-0.000188455755257264
0.314955447653674,0.370828423194852,-0.0116446078572634,-0.514832294797762,0.00185316588570604,-0.146326011069643,0.00184963110738643,-0.47750561550827,-0.000188429996148112
0.317139710427697,0.370826701565702,-0.0117259629520698,-0.514834635030466,0.00186638347656498,-0.146327169965807,0.00186277589122518,-0.477514329421915,-0.000188376914922725
0.319339121388238,0.370824951889254,-0.0118078939199199,-0.514837006158173,0.00187970008954374,-0.14632834344459,0.00187601821363888,-0.477523159140276,-0.000188295780089956
0.321553785590219,0.370823173667811,-0.0118904049699716,-0.514839408566177,0.00189311655525651,-0.146329531667542,0.00188935887553145,-0.47753210612646,-0.000188185844634703
0.323783808817133,0.37082136639403,-0.0119735003441373,-0.514841842643975,0.00190663371275332,-0.146330734797375,0.00190279868566373,-0.477541171859966,-0.000188046345721393
0.326029297586097,0.370819529550721,-0.0120571843173555,-0.514844308785297,0.00192025240962352,-0.146331952997959,0.00191633846074623,-0.477550357836818,-0.000187876504392712
0.328290359152942,0.370817662610644,-0.0121414611978645,-0.51484680738813,0.00193397350210083,-0.14633318643431,0.00192997902553306,-0.477559665569683,-0.000187675525262887
0.330567101517332,0.3708157650363,-0.0122263353274778,-0.514849338854757,0.00194779785516945,-0.146334435272572,0.00194372121291705,-0.477569096587999,-0.000187442596206275
0.332859633427924,0.370813836279723,-0.0123118110818615,-0.514851903591775,0.00196172634267184,-0.14633569968001,0.00195756586402589,-0.477578652438092,-0.000187176888040194
0.335168064387565,0.37081187578226,-0.0123978928708133,-0.514854502010132,0.00197575984741756,-0.146336979824991,0.00197151382831963,-0.477588334683305,-0.000186877554203005
0.337492504658521,0.37080988297435,-0.0124845851385437,-0.51485713452515,0.00198989926129372,-0.146338275876971,0.0019855659636891,-0.477598144904111,-0.000186543730426342
0.339833065267741,0.370807857275302,-0.0125718923639592,-0.514859801556556,0.00200414548537658,-0.14633958800648,0.00199972313655575,-0.477608084698237,-0.000186174534402422
0.342189858012163,0.370805798093063,-0.0126598190609462,-0.514862503528507,0.00201849943004481,-0.146340916385102,0.00201398622197251,-0.477618155680778,-0.000185769065445388
0.344562995464054,0.370803704823981,-0.0127483697786582,-0.51486524086962,0.00203296201509387,-0.146342261185461,0.00202835610372588,-0.477628359484319,-0.000185326404147382
0.346952590976386,0.37080157685257,-0.0128375491018038,-0.514868014012994,0.00204753416985205,-0.146343622581198,0.00204283367443927,-0.477638697759042,-0.000184845612028972
0.349358758688252,0.37079941355126,-0.0129273616509368,-0.514870823396242,0.00206221683329777,-0.146345000746954,0.00205741983567747,-0.477649172172849,-0.000184325731183876
0.351781613530314,0.370797214280154,-0.0130178120827477,-0.514873669461514,0.0020770109541784,-0.146346395858346,0.00207211549805243,-0.477659784411466,-0.000183765783917794
0.354221271230298,0.370794978386767,-0.0131089050903573,-0.51487655265552,0.00209191749113051,-0.146347808091949,0.0020869215813301,-0.477670536178558,-0.000183164772381741
0.356677848318515,0.370792705205769,-0.013200645403612,-0.514879473429562,0.00210693741280155,-0.14634923762527,0.00210183901453869,-0.477681429195834,-0.000182521678199155
0.359151462133436,0.37079039405872,-0.0132930377893802,-0.51488243223955,0.00212207169797304,-0.146350684636723,0.00211686873607804,-0.477692465203155,-0.00018183546208711
0.361642230827288,0.370788044253799,-0.0133860870518507,-0.51488542954603,0.00213732133568516,-0.146352149305606,0.00213201169383022,-0.477703645958641,-0.000181105063471951
0.364150273371703,0.370785655085527,-0.0134797980328332,-0.514888465814208,0.00215268732536298,-0.14635363181207,0.00214726884527145,-0.477714973238769,-0.000180329400098156
0.366675709563398,0.370783225834486,-0.0135741756120586,-0.514891541513973,0.00216817067694391,-0.146355132337097,0.00216264115758518,-0.477726448838474,-0.000179507367631573
0.369218660029898,0.370780755767034,-0.0136692247074835,-0.514894657119916,0.00218377241100702,-0.146356651062465,0.00217812960777652,-0.477738074571251,-0.000178637839256285
0.371779246235299,0.370778244135005,-0.0137649502755932,-0.514897813111354,0.00219949355890346,-0.146358188170722,0.00219373518278779,-0.477749852269244,-0.000177719665265322
0.374357590486067,0.370775690175418,-0.0138613573117086,-0.514901009972349,0.0022153351628888,-0.146359743845149,0.00220945887961548,-0.477761783783342,-0.000176751672644457
0.376953815936883,0.370773093110166,-0.013958450850293,-0.514904248191733,0.00223129827625657,-0.146361318269732,0.00222530170542838,-0.477773870983272,-0.000175732664650791
0.379568046596523,0.370770452145708,-0.0140562359652607,-0.514907528263121,0.00224738396347353,-0.146362911629123,0.00224126467768695,-0.47778611575768,-0.000174661420383582
0.382200407333782,0.370767766472752,-0.0141547177702871,-0.514910850684933,0.00226359330031642,-0.146364524108606,0.00225734882426408,-0.47779852001422,-0.000173536694349455
0.384851023883439,0.370765035265925,-0.0142539014191197,-0.514914215960413,0.00227992737401016,-0.146366155894059,0.00227355518356695,-0.477811085679633,-0.000172357216020699
0.387520022852263,0.370762257683452,-0.0143537921058903,-0.514917624597644,0.00229638728336783,-0.146367807171913,0.00228988480466035,-0.477823814699827,-0.000171121689386794
0.390207531725059,0.370759432866813,-0.0144543950654284,-0.514921077109565,0.00231297413893197,-0.146369478129116,0.00230633874739105,-0.47783670903995,-0.000169828792499743
0.392913678870758,0.370756559940401,-0.0145557155735764,-0.514924574013988,0.00232968906311756,-0.146371168953083,0.00232291808251368,-0.477849770684464,-0.000168477177011989
0.395638593548549,0.370753638011173,-0.014657758947504,-0.514928115833612,0.00234653319035657,-0.146372879831659,0.00233962389181767,-0.477863001637207,-0.000167065467708255
0.398382405914052,0.370750666168293,-0.0147605305460257,-0.514931703096034,0.00236350766724403,-0.146374610953068,0.0023564572682556,-0.477876403921464,-0.000165592262029682
0.401145247025537,0.370747643482765,-0.0148640357699176,-0.514935336333768,0.00238061365268574,-0.14637636250587,0.00237341931607271,-0.477889979580024,-0.000164056129592013
0.403927248850181,0.370744569007066,-0.0149682800622359,-0.514939016084251,0.00239785231804743,-0.146378134678909,0.00239051115093781,-0.477903730675234,-0.00016245561169613
0.406728544270374,0.370741441774766,-0.0150732689086357,-0.514942742889856,0.00241522484730573,-0.14637992766126,0.00240773390007527,-0.477917659289056,-0.000160789220831667
0.409549267090063,0.370738260800141,-0.0151790078376905,-0.514946517297904,0.00243273243720043,-0.146381741642182,0.00242508870239844,-0.477931767523109,-0.000159055440174027
0.412389552041149,0.370735025077783,-0.0152855024212128,-0.514950339860669,0.00245037629738854,-0.146383576811056,0.00244257670864421,-0.477946057498715,-0.000157252723073556
0.415249534789915,0.370731733582195,-0.0153927582745748,-0.51495421113539,0.00246815765059987,-0.146385433357335,0.00246019908150888,-0.477960531356937,-0.000155379492538466
0.418129351943512,0.370728385267389,-0.015500781057029,-0.514958131684275,0.00248607773279416,-0.146387311470478,0.0024779569957852,-0.477975191258614,-0.000153434140709535
0.421029141056481,0.370724979066463,-0.0156095764720306,-0.514962102074505,0.00250413779331978,-0.146389211339897,0.00249585163850071,-0.477990039384386,-0.000151415028328758
0.423949040637325,0.370721513891182,-0.0157191502675589,-0.514966122878244,0.00252233909507418,-0.146391133154887,0.00251388420905733,-0.478005077934719,-0.000149320484199494
0.426889190155123,0.370717988631544,-0.0158295082364392,-0.514970194672636,0.00254068291466557,-0.146393077104564,0.00253205591937201,-0.478020309129925,-0.000147148804640396
0.429849730046193,0.37071440215534,-0.0159406562166652,-0.514974318039812,0.00255917054257657,-0.1463950433778,0.00255036799401883,-0.478035735210171,-0.000144898252931278
0.432830801720801,0.370710753307707,-0.0160526000917207,-0.514978493566885,0.00257780328332916,-0.146397032163148,0.00256882167037204,-0.478051358435489,-0.000142567058751944
0.435832547569911,0.37070704091067,-0.0161653457909018,-0.514982721845956,0.00259658245565125,-0.146399043648775,0.00258741819875045,-0.478067181085772,-0.0001401534176136
0.438855110971994,0.370703263762675,-0.0162788992896387,-0.514987003474105,0.00261550939264499,-0.146401078022385,0.002606158842563,-0.478083205460774,-0.000137655490282676
0.441898636299867,0.370699420638119,-0.0163932666098165,-0.514991339053395,0.00263458544195631,-0.146403135471145,0.00262504487845532,-0.478099433880096,-0.000135071402197484
0.444963268927599,0.370695510286864,-0.0165084538200972,-0.51499572919086,0.00265381196594629,-0.146405216181603,0.00264407759645768,-0.478115868683166,-0.000132399242877154
0.448049155237445,0.370691531433748,-0.0166244670362388,-0.515000174498504,0.00267319034186394,-0.146407320339609,0.00266325830013383,-0.478132512229216,-0.000129637065323165
0.451156442626847,0.370687482778083,-0.0167413124214162,-0.51500467559329,0.00269272196202056,-0.146409448130229,0.00268258830673111,-0.478149366897251,-0.000126782885413443
0.454285279515466,0.370683362993146,-0.0168589961865393,-0.515009233097133,0.00271240823396555,-0.146411599737662,0.0027020689473316,-0.478166435086007,-0.000123834681289028
0.457435815352278,0.37067917072566,-0.0169775245905711,-0.515013847636886,0.00273225058066381,-0.146413775345144,0.00272170156700432,-0.478183719213908,-0.000120790392732842
0.46060820062271,0.370674904595266,-0.0170969039408451,-0.515018519844332,0.00275225044067461,-0.146415975134864,0.00274148752495851,-0.478201221719009,-0.000117647920541641
0.463802586855826,0.370670563193987,-0.0172171405933802,-0.515023250356166,0.00277240926833196,-0.146418199287864,0.00276142819469796,-0.478218945058937,-0.000114405125889588
0.467019126631568,0.370666145085677,-0.0173382409531957,-0.51502803981398,0.00279272853392639,-0.146420447983944,0.00278152496417627,-0.478236891710817,-0.000111059829685053
0.470257973588042,0.370661648805469,-0.0174602114746239,-0.515032888864248,0.00281320972388825,-0.146422721401559,0.00280177923595322,-0.478255064171199,-0.000107609811919582
0.473519282428857,0.370657072859205,-0.0175830586616216,-0.515037798158303,0.00283385434097248,-0.146425019717718,0.00282219242735197,-0.478273464955968,-0.000104052811009309
0.476803208930514,0.370652415722861,-0.0177067890680792,-0.515042768352319,0.00285466390444469,-0.146427343107877,0.00284276597061726,-0.47829209660025,-0.000100386523129298
0.480109909949849,0.37064767584196,-0.0178314092981284,-0.515047800107285,0.00287563995026884,-0.146429691745831,0.00286350131307453,-0.478310961658306,-9.6608601539705e-05
0.483439543431522,0.370642851630975,-0.017956926006448,-0.515052894088984,0.00289678403129599,-0.146432065803599,0.00288439991728981,-0.47833006270342,-9.2716655905517e-05
0.486792268415562,0.370637941472725,-0.0180833458985664,-0.515058050967964,0.0029180977174549,-0.146434465451309,0.00290546326123061,-0.478349402327776,-8.87082516078802e-05
0.490168245044966,0.370632943717751,-0.0182106757311631,-0.515063271419509,0.00293958259594337,-0.146436890857081,0.00292669283842748,-0.478368983142324,-8.45809090489064e-05
0.493567634573345,0.370627856683698,-0.0183389223123661,-0.51506855612361,0.00296124027142149,-0.146439342186902,0.00294809015813636,-0.478388807776639,-8.03321029486659e-05
0.496990599372628,0.370622678654666,-0.018468092502048,-0.515073905764932,0.00298307236620584,-0.146441819604506,0.00296965674550179,-0.478408878878763,-7.59592616351029e-05
0.500437302940819,0.37061740788057,-0.0185981932121178,-0.515079321032777,0.00300508052046497,-0.146444323271237,0.00299139414172064,-0.47842919911505,-7.14597663268035e-05
0.503907909909802,0.370612042576475,-0.0187292314068106,-0.515084802621052,0.00302726639241636,-0.146446853345924,0.00301330390420667,-0.478449771169982,-6.68309504085751e-05
0.50740258605321,0.370606580921926,-0.0188612141029734,-0.515090351228225,0.00304963165852436,-0.146449409984742,0.00303538760675557,-0.478470597745989,-6.20700986997125e-05
0.510921498294339,0.370601021060269,-0.0189941483703474,-0.515095967557288,0.00307217801369945,-0.146451993341072,0.00305764683971063,-0.478491681563252,-5.71744467156854e-05
0.514464814714125,0.370595361097956,-0.0191280413318466,-0.515101652315709,0.00309490717149862,-0.146454603565362,0.00308008321012903,-0.478513025359493,-5.21411799226379e-05
0.518032704559168,0.370589599103839,-0.0192629001638326,-0.515107406215394,0.00311782086432691,-0.146457240804973,0.0031026983419484,-0.478534631889754,-4.69674329850456e-05
0.52162533824982,0.370583733108461,-0.0193987320963856,-0.51511322997263,0.00314092084364,-0.146459905204038,0.00312549387615407,-0.478556503926165,-4.16502890066839e-05
0.525242887388322,0.370577761103322,-0.0195355444135696,-0.515119124308044,0.00316420888014791,-0.146462596903299,0.00314847147094655,-0.4785786442577,-3.61867787647963e-05
0.528885524767003,0.370571681040147,-0.0196733444536951,-0.515125089946543,0.00318768676401976,-0.146465316039954,0.00317163280190931,-0.478601055689918,-3.05738799383226e-05
0.532553424376533,0.370565490830133,-0.0198121396095753,-0.515131127617262,0.00321135630508937,-0.146468062747493,0.00319497956217703,-0.478623741044689,-2.48085163285228e-05
0.536246761414231,0.370559188343189,-0.0199519373287779,-0.51513723805351,0.00323521933306201,-0.146470837155535,0.00321851346260385,-0.478646703159916,-1.88875570744373e-05
0.539965712292437,0.370552771407163,-0.0200927451138718,-0.515143421992704,0.00325927769772191,-0.146473639389652,0.00324223623193192,-0.478669944889231,-1.28078158618261e-05
0.543710454646936,0.370546237807056,-0.0202345705226682,-0.515149680176312,0.00328353326914076,-0.1464764695712,0.0032661496169601,-0.478693469101685,-6.566050125556e-06
0.547481167345445,0.37053958528423,-0.0203774211684558,-0.515156013349785,0.00330798793788695,-0.14647932781714,0.00329025538271255,-0.478717278681422,-1.58960246798845e-07
0.551278030496154,0.370532811535591,-0.0205213047202298,-0.515162422262493,0.00333264361523557,-0.146482214239851,0.00331455531260738,-0.478741376527338,6.41681125587712e-06
0.55510122545633,0.37052591421278,-0.0206662289029154,-0.515168907667651,0.0033575022333793,-0.146485128946948,0.0033390512086253,-0.478765765552721,1.31646805409669e-05
0.558950934840979,0.370518890921329,-0.0208122014975841,-0.515175470322249,0.00338256574563993,-0.146488072041089,0.00336374489147797,-0.478790448684887,2.00881232639283e-05
0.56282734253157,0.370511739219827,-0.0209592303416638,-0.515182110986977,0.00340783612668027,-0.14649104361978,0.00338863820077617,-0.478815428864787,2.71906754018836e-05
0.566730633684818,0.370504456619054,-0.0211073233291411,-0.515188830426147,0.00343331537271713,-0.146494043775171,0.00341373299519777,-0.478840709046606,3.44759340841216e-05
0.570660994741526,0.37049704058112,-0.0212564884107573,-0.51519562940761,0.00345900550173449,-0.146497072593858,0.00343903115265522,-0.478866292197346,4.19475584268469e-05
0.574618613435493,0.370489488518578,-0.0214067335941962,-0.515202508702676,0.00348490855369724,-0.146500130156666,0.00346453457046257,-0.478892181296387,4.9609270372758e-05
0.578603678802477,0.370481797793536,-0.0215580669442643,-0.515209469086029,0.00351102659076537,-0.146503216538443,0.00349024516550208,-0.478918379335039,5.74648555346502e-05
0.582616381189231,0.370473965716747,-0.0217104965830623,-0.515216511335631,0.00353736169750863,-0.146506331807832,0.0035161648743901,-0.478944889316069,6.5518164044126e-05
0.586656912262587,0.370465989546693,-0.0218640306901499,-0.515223636232639,0.0035639159811213,-0.146509476027059,0.00354229565364238,-0.478971714253214,7.37731114030526e-05
0.590725465018618,0.370457866488655,-0.0220186775026994,-0.515230844561305,0.00359069157163742,-0.146512649251693,0.00356863947983843,-0.478998857170681,8.2233679339655e-05
0.594822233791852,0.370449593693773,-0.0221744453156428,-0.515238137108881,0.00361769062214619,-0.146515851530421,0.00359519834978515,-0.479026321102617,9.09039166673009e-05
0.598947414264556,0.370441168258083,-0.0223313424818078,-0.515245514665519,0.00364491530900744,-0.146519082904808,0.00362197428067948,-0.479054109092573,9.97879401472002e-05
0.603101203476082,0.370432587221562,-0.0224893774120452,-0.515252978024166,0.00367236783206717,-0.146522343409052,0.00364896931026994,-0.479082224192943,0.00010888993535299
0.607283799832281,0.370423847567136,-0.0226485585753463,-0.51526052798046,0.00370005041487322,-0.146525633069736,0.003676185497017,-0.479110669464383,0.00011821415753871
0.611495403114975,0.370414946219696,-0.0228088944989498,-0.515268165332618,0.00372796530489077,-0.14652895190558,0.00370362492025234,-0.479139447975212,0.000127764932508601
0.615736214491506,0.370405880045095,-0.0229703937684387,-0.51527589088133,0.00375611477371789,-0.146532299927175,0.00373128968033662,-0.479168562800798,0.000137546657488968
0.620006436524339,0.370396645849124,-0.0231330650278259,-0.515283705429639,0.00378450111730053,-0.146535677136726,0.0037591818988158,-0.479198017022912,0.000147563802001538
0.624306273180741,0.370387240376491,-0.0232969169796287,-0.515291609782823,0.00381312665614787,-0.146539083527779,0.003787303718576,-0.479227813729078,0.000157820908738227
0.628635929842521,0.370377660309775,-0.023461958384933,-0.51529960474828,0.00384199373554664,-0.146542519084952,0.00381565730399663,-0.479257956011886,0.000168322594436249
0.632995613315842,0.370367902268376,-0.023628198063444,-0.515307691135396,0.00387110472577563,-0.14654598378365,0.00384424484110174,-0.479288446968294,0.000179073550754749
0.637385531841099,0.370357962807449,-0.023795644893526,-0.515315869755427,0.00390046202231938,-0.146549477589784,0.00387306853770944,-0.479319289698909,0.000190078545150602
0.641805895102865,0.370347838416828,-0.0239643078122297,-0.515324141421362,0.00393006804608138,-0.146553000459481,0.00390213062357942,-0.479350487307237,0.000201342421754153
0.646256914239905,0.370337525519933,-0.0241341958153063,-0.515332506947795,0.0039599252435969,-0.146556552338789,0.00393143335055828,-0.479382042898924,0.0002128701022448
0.650738801855265,0.370327020472676,-0.0243053179572091,-0.515340967150789,0.00399003608724468,-0.146560133163375,0.00396097899272256,-0.479413959580964,0.000224666586724737
0.655251772026422,0.370316319562341,-0.0244776833510818,-0.515349522847733,0.00402040307545823,-0.146563742858219,0.00399076984651955,-0.479446240460891,0.000236736954591921
0.659796040315516,0.370305419006463,-0.0246513011687321,-0.515358174857208,0.0040510287329361,-0.146567381337302,0.00402080823090546,-0.479478888645942,0.000249086365409878
0.664371823779638,0.370294314951694,-0.0248261806405926,-0.515366923998835,0.00408191561085125,-0.14657104850329,0.004051096487481,-0.479511907242207,0.000261720059776482
0.668979340981204,0.370283003472651,-0.0250023310556667,-0.515375771093134,0.00411306628705943,-0.146574744247212,0.00408163698062437,-0.479545299353745,0.000274643360188842
0.673618811998395,0.370271480570762,-0.0251797617614595,-0.515384716961368,0.00414448336630633,-0.146578468448127,0.00411243209762109,-0.47957906808168,0.000287861671904588
0.678290458435663,0.370259742173091,-0.0253584821638946,-0.515393762425394,0.00417616948043385,-0.146582220972797,0.00414348424879104,-0.479613216523277,0.000301380483800073
0.682994503434323,0.370247784131161,-0.0255385017272147,-0.515402908307505,0.00420812728858477,-0.14658600167534,0.0041747958676123,-0.479647747770988,0.000315205369223526
0.687731171683206,0.370235602219761,-0.0257198299738665,-0.515412155430272,0.00424035947740633,-0.146589810396891,0.00420636941084159,-0.479682664911478,0.000329341986842896
0.692500689429393,0.37022319213574,-0.025902476484371,-0.51542150461638,0.00427286876125224,-0.146593646965246,0.00423820735863142,-0.479717971024621,0.000343796081488879
0.697303284489026,0.370210549496799,-0.0260864508971751,-0.515430956688467,0.00430565788238326,-0.146597511194509,0.00427031221464361,-0.479753669182479,0.000358573484991298
0.70213918625818,0.370197669840264,-0.0262717629084889,-0.515440512468953,0.00433872961116621,-0.14660140288473,0.00430268650615905,-0.479789762448248,0.00037368011700889
0.70700862572383,0.370184548621852,-0.0264584222721043,-0.515450172779872,0.00437208674627109,-0.146605321821532,0.00433533278418357,-0.479826253875184,0.000389121985851615
0.71191183547488,0.370171181214427,-0.0266464387991975,-0.515459938442698,0.00440573211486688,-0.146609267775745,0.00436825362355009,-0.4798631465055,0.000404905189295618
0.716849049713269,0.370157562906748,-0.0268358223581129,-0.515469810278172,0.00443966857281489,-0.146613240503019,0.00440145162301602,-0.479900443369238,0.000421035915388612
0.721820504265165,0.370143688902202,-0.0270265828741298,-0.515479789106119,0.00447389900486084,-0.146617239743446,0.004434929405357,-0.479938147483119,0.000437520443247269
0.726826436592224,0.370129554317536,-0.0272187303292103,-0.515489875745273,0.00450842632482434,-0.146621265221164,0.00446868961745561,-0.479976261849358,0.000454365143843588
0.731867085802933,0.370115154181571,-0.0274122747617292,-0.51550007101309,0.00454325347578664,-0.146625316643965,0.00450273493038586,-0.480014789454465,0.00047157648078186
0.736942692664033,0.370100483433911,-0.0276072262661847,-0.515510375725564,0.00457838343027613,-0.146629393702889,0.00453706803949263,-0.480053733268008,0.000489161011063555
0.742053499612018,0.370085536923648,-0.0278035949928894,-0.515520790697037,0.00461381919045141,-0.146633496071821,0.00457169166446627,-0.480093096241355,0.000507125385840662
0.747199750764715,0.370070309408048,-0.0280013911476431,-0.515531316740012,0.00464956378828225,-0.146637623407074,0.00460660854941209,-0.480132881306391,0.00052547635115649
0.752381691932944,0.370054795551239,-0.0282006249913846,-0.515541954664957,0.00468562028572794,-0.146641775346974,0.0046418214629145,-0.480173091374203,0.000544220748672858
0.757599570632259,0.370038989922888,-0.0284013068398247,-0.515552705280114,0.00472199177491316,-0.146645951511432,0.00467733319809588,-0.480213729333743,0.000563365516383391
0.762853636094773,0.370022886996865,-0.0286034470630569,-0.515563569391296,0.0047586813783014,-0.146650151501518,0.00471314657266962,-0.480254798050463,0.00058291768931229
0.768144139281058,0.370006481149909,-0.0288070560851503,-0.515574547801694,0.00479569224886553,-0.146654374899025,0.00474926442898762,-0.480296300364917,0.000602884400196457
0.773471332892138,0.369989766660281,-0.0290121443837185,-0.515585641311673,0.00483302757025574,-0.146658621266027,0.00478568963408166,-0.480338239091349,0.000623272880152709
0.778835471381553,0.369972737706409,-0.0292187224894703,-0.515596850718569,0.00487069055696453,-0.146662890144436,0.00482242507969885,-0.480380617016239,0.000644090459326341
0.784236810967519,0.369955388365537,-0.0294268009857368,-0.515608176816487,0.00490868445448897,-0.146667181055549,0.00485947368233063,-0.480423436896835,0.000665344567522735
0.78967560964516,0.369937712612351,-0.0296363905079783,-0.51561962039609,0.00494701253948985,-0.146671493499592,0.0048968383832355,-0.480466701459648,0.000687042734819759
0.795152127198837,0.369919704317618,-0.0298475017432683,-0.515631182244395,0.00498567811994791,-0.146675826955259,0.00493452214845495,-0.480510413398925,0.000709192592160374
0.800666625214554,0.369901357246806,-0.0300601454297564,-0.515642863144561,0.00502468453531681,-0.146680180879247,0.00497252796882287,-0.480554575375098,0.000731801871925286
0.806219367092452,0.369882665058705,-0.030274332356108,-0.51565466387568,0.00506403515667306,-0.146684554705782,0.00501085885996774,-0.480599190013198,0.000754878408483567
0.811810618059391,0.369863621304042,-0.030490073360922,-0.515666585212564,0.00510373338686258,-0.146688947846145,0.00504951786230783,-0.480644259901251,0.000778430138721559
0.817440645181619,0.369844219424095,-0.0307073793321258,-0.51567862792553,0.00514378266064403,-0.146693359688187,0.00508850804103915,-0.48068978758864,0.000802465102548583
0.823109717377527,0.369824452749299,-0.0309262612063472,-0.515690792780188,0.00518418644482884,-0.146697789595848,0.00512783248611581,-0.480735775584448,0.000826991443378444
0.828818105430497,0.369804314497847,-0.0311467299682634,-0.515703080537223,0.0052249482384177,-0.146702236908664,0.00516749431222294,-0.480782226355767,0.000852017408586758
0.834566082001833,0.3697837977743,-0.0313687966499263,-0.515715491952181,0.00526607157273349,-0.146706700941271,0.0052074966587415,-0.48082914232599,0.000877551349941358
0.840353921643785,0.369762895568175,-0.031592472330065,-0.51572802777525,0.00530756001155096,-0.146711180982905,0.0052478426897055,-0.480876525873068,0.000903601724007358
0.846181900812664,0.369741600752552,-0.0318177681333649,-0.515740688751045,0.00534941715122261,-0.146715676296901,0.00528853559375076,-0.48092437932775,0.000930177092523493
0.852050297882047,0.369719906082662,-0.0320446952297219,-0.515753475618386,0.00539164662080092,-0.146720186120181,0.00532957858405555,-0.480972704971791,0.000957286122750561
0.857959393156072,0.369697804194484,-0.0322732648334743,-0.515766389110082,0.00543425208215722,-0.146724709662744,0.00537097489827269,-0.481021505036139,0.000984937587790585
0.863909468882829,0.369675287603335,-0.0325034882026103,-0.515779429952714,0.00547723723009642,-0.146729246107149,0.00541272779845302,-0.481070781699099,0.00101314036687461
0.86990080926784,0.369652348702465,-0.0327353766379507,-0.515792598866412,0.0055206057924683,-0.146733794607995,0.00545484057096004,-0.481120537084468,0.00104190344562061
0.875933700487633,0.369628979761651,-0.0329689414823087,-0.515805896564642,0.00556436153027505,-0.146738354291397,0.00549731652637568,-0.481170773259651,0.00107123591625768
0.882008430703416,0.369605172925782,-0.0332041941196251,-0.515819323753982,0.0056085082377748,-0.146742924254456,0.00554015899939684,-0.481221492233748,0.00110114697781805
0.888125290074835,0.369580920213464,-0.0334411459740795,-0.515832881133907,0.00565304974258166,-0.146747503564733,0.00558337134872273,-0.481272695955631,0.00113164593629445
0.894284570773836,0.369556213515602,-0.0336798085091764,-0.515846569396574,0.00569798990576152,-0.146752091259711,0.00562695695693272,-0.481324386311981,0.00116274220476276
0.900486566998624,0.369531044594008,-0.0339201932268086,-0.5158603892266,0.00574333262192453,-0.146756686346257,0.00567091923035458,-0.481376565125317,0.00119444530346768
0.906731574987708,0.369505405079992,-0.0341623116662952,-0.515874341300853,0.0057890818193132,-0.146761287800086,0.00571526159892322,-0.481429234151997,0.00122676485987289
0.913019893034057,0.369479286472966,-0.0344061754033956,-0.515888426288231,0.00583524145988708,-0.146765894565214,0.00575998751602901,-0.481482395080207,0.00125971060867136
0.919351821499347,0.369452680139049,-0.0346517960492996,-0.515902644849452,0.00588181553940343,-0.146770505553412,0.00580510045835677,-0.481536049527916,0.00129329239175885
0.925727662828307,0.369425577309672,-0.0348991852495932,-0.515916997636844,0.00592880808749403,-0.146775119643662,0.00585060392571397,-0.481590199040824,0.00132752015816556
0.932147721563161,0.369397969080193,-0.0351483546832001,-0.515931485294128,0.00597622316773821,-0.146779735681602,0.00589650144084903,-0.481644845090291,0.00136240396394868
0.938612304358183,0.369369846408509,-0.0353993160612995,-0.515946108456217,0.0060240648777322,-0.146784352478976,0.00594279654925896,-0.481699989071239,0.00139795397204207
0.945121719994339,0.369341200113679,-0.0356520811262192,-0.515960867749005,0.00607233734915448,-0.146788968813079,0.00598949281898638,-0.481755632300047,0.00143418045206362
0.951676279394036,0.36931202087455,-0.0359066616503061,-0.515975763789162,0.00612104474782769,-0.146793583426202,0.0060365938404062,-0.481811776012427,0.00147109378007995
0.958276295635973,0.369282299228386,-0.0361630694347719,-0.515990797183934,0.00617019127377663,-0.146798195025073,0.00608410322600103,-0.481868421361281,0.00150870443832538
0.964922083970099,0.369252025569506,-0.0364213163085155,-0.516005968530942,0.00621978116128262,-0.146802802280298,0.00613202461012586,-0.48192556941455,0.00154702301487603
0.971613961832666,0.36922119014793,-0.036681414126922,-0.516021278417985,0.00626981867893453,-0.146807403825804,0.00618036164876178,-0.481983221153045,0.00158606020327873
0.978352248861393,0.369189783068025,-0.0369433747706384,-0.516036727422843,0.00632030812967591,-0.146811998258278,0.00622911801925824,-0.482041377468267,0.001625826802131
0.985137266910738,0.369157794287165,-0.0372072101443261,-0.516052316113092,0.00637125385084894,-0.146816584136601,0.0062782974200645,-0.482100039160218,0.00166633371461514
0.991969340067262,0.369125213614396,-0.0374729321753906,-0.516068045045909,0.00642266021423489,-0.146821159981294,0.00632790357044912,-0.482159206935199,0.00170759194798187
0.998848794665118,0.369092030709107,-0.0377405528126882,-0.516083914767891,0.00647453162609112,-0.146825724273951,0.00637794021020863,-0.4822188814036,0.00174961261298606
1.00577595930163,0.369058235079713,-0.0380100840252108,-0.516099925814872,0.00652687252718526,-0.146830275456681,0.00642841109936417,-0.482279063077679,0.00179240692327079
1.01275116485301,0.369023816082344,-0.0382815378007473,-0.516116078711748,0.0065796873928258,-0.146834811931544,0.00647932001784676,-0.482339752369341,0.00183598619470113
1.01977474449012,0.368988762919541,-0.0385549261445243,-0.516132373972301,0.00663298073288998,-0.146839332059991,0.00653067076517079,-0.482400949587905,0.00188036184464616
1.02684703369442,0.368953064638969,-0.0388302610778242,-0.516148812099031,0.00668675709184867,-0.146843834162309,0.00658246716009574,-0.48246265493787,0.00192554539120801
1.033968370274,0.368916710132128,-0.0391075546365817,-0.516165393582991,0.00674102104878832,-0.146848316517056,0.00663471304027612,-0.482524868516674,0.00197154845239828
1.04113909437969,0.368879688133085,-0.03938681886996,-0.516182118903627,0.00679577721743044,-0.146852777360507,0.00668741226189952,-0.482587590312458,0.00201838274526003
1.0483595485213,0.368841987217208,-0.0396680658389052,-0.51619898852862,0.00685103024614855,-0.146857214886099,0.00674056869931265,-0.482650820201823,0.00206606008493573
1.05563007758401,0.368803595799916,-0.0399513076146801,-0.516216002913738,0.00690678481798253,-0.146861627243879,0.00679418624463556,-0.48271455794759,0.00211459238368022
1.06295102884484,0.368764502135433,-0.0402365562773785,-0.51623316250269,0.00696304565065095,-0.146866012539947,0.00684826880736363,-0.482778803196566,0.00216399164981734
1.07032275198921,0.368724694315562,-0.040523823914419,-0.516250467726983,0.00701981749656115,-0.146870368835912,0.00690282031395782,-0.482843555477306,0.00221426998664145
1.07774559912768,0.36868416026846,-0.040813122619019,-0.51626791900579,0.00707710514281754,-0.146874694148344,0.00695784470742259,-0.48290881419789,0.00226543959126177
1.08521992481272,0.368642887757433,-0.0411044644886497,-0.516285516745819,0.00713491341122797,-0.146878986448234,0.00701334594687189,-0.482974578643698,0.00231751275338904
1.0927460860557,0.368600864379733,-0.0413978616234726,-0.516303261341188,0.00719324715830892,-0.146883243660446,0.00706932800708318,-0.483040847975199,0.00237050185406606
1.1003244423439,0.368558077565381,-0.0416933261247563,-0.516321153173313,0.00725211127528867,-0.14688746366319,0.00712579487803905,-0.483107621225751,0.00242441936433913
1.10795535565772,0.368514514575981,-0.0419908700932767,-0.516339192610788,0.00731151068811002,-0.146891644287482,0.00718275056445727,-0.483174897299403,0.00247927784387211
1.11563919048792,0.368470162503566,-0.0422905056276979,-0.516357380009287,0.00737145035743156,-0.146895783316621,0.00724019908530835,-0.483242674968725,0.00253508993950141
1.12337631385307,0.368425008269443,-0.0425922448229362,-0.516375715711463,0.00743193527862836,-0.146899878485661,0.00729814447332134,-0.48331095287264,0.00259186838373265
1.13116709531708,0.368379038623054,-0.0428960997685078,-0.516394200046855,0.00749297048179209,-0.146903927480892,0.00735659077447774,-0.483379729514282,0.00264962599317886
1.13901190700682,0.368332240140851,-0.0432020825468587,-0.516412833331803,0.00755456103173105,-0.146907927939328,0.00741554204749319,-0.483449003258864,0.00270837566693846
1.14691112362992,0.368284599225177,-0.0435102052316785,-0.51643161586937,0.00761671202796964,-0.146911877448193,0.00747500236328756,-0.483518772331574,0.0027681303849155
1.15486512249268,0.368236102103163,-0.0438204798861993,-0.51645054794927,0.00767942860474861,-0.146915773544424,0.00753497580444317,-0.483589034815489,0.00282890320607987
1.16287428351806,0.368186734825642,-0.0441329185614775,-0.516469629847806,0.00774271593102559,-0.146919613714165,0.00759546646465115,-0.483659788649512,0.00289070726666898
1.17093898926384,0.368136483266058,-0.0444475332946618,-0.516488861827811,0.00780657921047584,-0.146923395392281,0.0076564784481463,-0.483731031626337,0.0029535557783302
1.1790596249409,0.36808533311941,-0.0447643361072457,-0.516508244138599,0.00787102368149492,-0.146927115961869,0.00771801586913041,-0.483802761390439,0.00301746202620473
1.18723657843162,0.368033269901184,-0.0450833390033058,-0.516527777015924,0.00793605461720168,-0.146930772753782,0.0077800828511838,-0.483874975436096,0.00308243936695191
1.19547024030838,0.367980278946316,-0.045404553967726,-0.516547460681945,0.00800167732544355,-0.146934363046152,0.00784268352666596,-0.483947671105443,0.00314850122671664
1.20376100385228,0.367926345408153,-0.0457279929644078,-0.516567295345202,0.0080678971488032,-0.14693788406393,0.00790582203610454,-0.484020845586551,0.00321566109903781
1.21210926507183,0.367871454257432,-0.046053667934468,-0.516587281200595,0.00813471946460757,-0.146941332978427,0.00796950252757347,-0.484094495911551,0.00328393254269899
1.22051542272196,0.367815590281266,-0.046381590794422,-0.516607418429376,0.00820214968493937,-0.146944706906861,0.00803372915605989,-0.484168618954791,0.00335332917952205
1.22897987832301,0.367758738082142,-0.0467117734343564,-0.516627707199144,0.00827019325665133,-0.146948002911919,0.00809850608282047,-0.484243211431029,0.00342386469210479
1.23750303617991,0.367700882076932,-0.0470442277160869,-0.516648147663853,0.00833885566138334,-0.146951218001322,0.00816383747472674,-0.48431826989367,0.00349555282150155
1.24608530340153,0.36764200649591,-0.0473789654713061,-0.516668739963827,0.00840814241558362,-0.1469543491274,0.00822972750360011,-0.484393790733048,0.00356840736484851
1.25472708992008,0.367582095381778,-0.0477159984997183,-0.516689484225782,0.00847805907053295,-0.146957393186674,0.00829618034553636,-0.484469770174741,0.00364244217293502
1.26342880851072,0.367521132588706,-0.0480553385671631,-0.516710380562853,0.00854861121237363,-0.146960347019451,0.00836320018022001,-0.484546204277952,0.00371767114771998
1.27219087481126,0.367459101781378,-0.0483969974037278,-0.516731429074638,0.00861980446214249,-0.146963207409423,0.00843079119022862,-0.484623088933916,0.00379410823979609
1.28101370734203,0.367395986434044,-0.0487409867018491,-0.516752629847246,0.00869164447580893,-0.146965971083281,0.00849895756032736,-0.484700419864378,0.00387176744580128
1.28989772752585,0.367331769829588,-0.0490873181144023,-0.516773982953349,0.00876413694431824,-0.146968634710334,0.00856770347675363,-0.484778192620103,0.0039506628057793
1.29884335970818,0.367266435058593,-0.0494360032527823,-0.516795488452247,0.00883728759364023,-0.146971194902142,0.00863703312649278,-0.484856402579462,0.00403080840049022
1.30785103117738,0.367199965018423,-0.0497870536849714,-0.516817146389946,0.00891110218482416,-0.146973648212152,0.00870695069654414,-0.484935044947053,0.00411221834867256
1.31692117218509,0.367132342412302,-0.0501404809335989,-0.516838956799235,0.00898558651405959,-0.146975991135355,0.00877746037317823,-0.485014114752392,0.00419490680425627
1.32605421596686,0.367063549748412,-0.050496296473989,-0.516860919699774,0.00906074641274424,-0.146978220107945,0.00884856634118529,-0.485093606848664,0.00427888795353121
1.33525059876274,0.366993569338984,-0.0508545117321988,-0.516883035098199,0.00913658774755889,-0.146980331506992,0.00892027278311518,-0.485173515911524,0.00436417601226932
1.34451075983821,0.366922383299397,-0.0512151380830464,-0.516905302988223,0.00921311642054971,-0.146982321650125,0.00899258387850902,-0.485253836437979,0.00445078522280351
1.3538351415051,0.366849973547291,-0.051578186848128,-0.516927723350752,0.00929033836921855,-0.146984186795228,0.00906550380312275,-0.485334562745316,0.00453872985106482
1.36322418914273,0.36677632180167,-0.0519436692938255,-0.516950296154009,0.00936825956662142,-0.146985923140145,0.00913903672814299,-0.485415688970109,0.00462802418357874
1.37267835121923,0.366701409582019,-0.0523115966293036,-0.516973021353666,0.00944688602147584,-0.146987526822397,0.00921318681939536,-0.485497209067291,0.00471868252442273
1.38219807931287,0.366625218207415,-0.052681980004496,-0.516995898892981,0.00952622377827712,-0.146988993918911,0.00928795823654539,-0.485579116809294,0.00481071919214673
1.39178382813373,0.366547728795651,-0.0530548305080818,-0.517018928702948,0.00960627891742434,-0.146990320445763,0.00936335513229273,-0.485661405785261,0.00490414851665824
1.40143605554534,0.366468922262348,-0.0534301591654505,-0.51704211070245,0.00968705755535623,-0.146991502357927,0.00943938165155836,-0.485744069400334,0.00499898483607447
1.4111552225866,0.36638877932008,-0.0538079769366564,-0.517065444798423,0.00976856584469722,-0.146992535549043,0.00951604193066563,-0.485827100875013,0.0050952424935421
1.42094179349378,0.36630728047749,-0.0541882947143615,-0.517088930886027,0.00985080997441458,-0.146993415851192,0.00959334009651479,-0.485910493244589,0.00519293583402758
1.43079623572268,0.366224406038413,-0.0545711233217675,-0.517112568848822,0.00993379616998652,-0.146994139034684,0.00967128026575215,-0.485994239358662,0.00529207920108143
1.440719019971,0.366140136100989,-0.0549564735105351,-0.517136358558955,0.0100175306935821,-0.146994700807863,0.00974986654393325,-0.486078331880729,0.00539268693357509
1.45071062020079,0.366054450556784,-0.0553443559586916,-0.517160299877354,0.0101020198442529,-0.146995096816918,0.00982910302468095,-0.486162763287855,0.00549477336241638
1.46077151366109,0.365967329089898,-0.0557347812685258,-0.517184392653921,0.0101872699581375,-0.146995322645709,0.00990899378883854,-0.48624752587043,0.00559835280724258
1.47090218091073,0.365878751176078,-0.0561277599644693,-0.517208636727745,0.0102732874086787,-0.146995373815607,0.0099895429036181,-0.486332611731999,0.00570343957309616
1.48110310584131,0.365788696081825,-0.056523302490965,-0.517233031927311,0.010360078606854,-0.146995245785347,0.0100707544217446,-0.48641801278918,0.00581004794708428
1.49137477570027,0.365697142863489,-0.0569214192103202,-0.517257578070716,0.01044765000142,-0.146994933950888,0.0101526323805958,-0.486503720771669,0.00591819219502282
1.50171768111418,0.365604070366371,-0.0573221204005458,-0.517282274965902,0.0105360080791708,-0.146994433645295,0.0102351808013384,-0.486589727222323,0.00602788655807135
1.5121323161122,0.36550945722381,-0.0577254162531794,-0.517307122410875,0.010625159365211,-0.146993740138625,0.0103184036880607,-0.486676023497338,0.0061391452493576
1.52261917814963,0.365413281856263,-0.0581313168710922,-0.51733212019395,0.0107151104232439,-0.146992848637829,0.0104023050269023,-0.486762600766504,0.00625198245059705
1.53317876813171,0.365315522470387,-0.0585398322662793,-0.517357268093989,0.010805867855875,-0.14699175428667,0.0104868887851807,-0.486849450013553,0.00636641230870738
1.54381159043753,0.365216157058098,-0.058950972357631,-0.517382565880644,0.0108974383049311,-0.146990452165649,0.0105721589105154,-0.486936562036597,0.00648244893242378
1.55451815294413,0.365115163395634,-0.0593647469686872,-0.517408013314611,0.0109898284517964,-0.146988937291943,0.0106581193299496,-0.487023927448647,0.0066001063889139
1.56529896705074,0.365012519042606,-0.05978116582537,-0.517433610147885,0.0110830450177642,-0.146987204619364,0.0107447739490701,-0.487111536678228,0.00671939870039956
1.57615454770323,0.364908201341033,-0.0602002385536976,-0.517459356124014,0.0111770947644069,-0.146985249038318,0.0108321266511258,-0.487199379970079,0.00684033984078397
1.58708541341869,0.364802187414372,-0.0606219746774752,-0.517485250978364,0.0112719844939623,-0.146983065375787,0.0109201812961438,-0.487287447385946,0.00696294373228989
1.5980920863102,0.36469445416654,-0.061046383615964,-0.517511294438386,0.0113677210497387,-0.14698064839532,0.0110089417200459,-0.48737572880546,0.00708722424211028
1.60917509211179,0.364584978280915,-0.0614734746815256,-0.517537486223879,0.0114643113165375,-0.146977992797033,0.0110984117337626,-0.487464213927107,0.00721319517907482
1.62033496020352,0.364473736219332,-0.0619032570772423,-0.517563826047264,0.0115617622210957,-0.146975093217625,0.0111885951223484,-0.487552892269289,0.00734087029033542
1.63157222363676,0.36436070422107,-0.0623357398945102,-0.517590313613854,0.0116600807325455,-0.146971944230408,0.0112794956440946,-0.487641753171469,0.00747026325807232
1.64288741915971,0.364245858301812,-0.0627709321106057,-0.517616948622129,0.0117592738628955,-0.146968540345343,0.0113711170296445,-0.487730785795414,0.00760138769622526
1.65428108724297,0.364129174252611,-0.0632088425862221,-0.517643730764008,0.0118593486675299,-0.146964876009093,0.0114634629811068,-0.487819979126517,0.00773425714725207
1.6657537721054,0.364010627638826,-0.0636494800629773,-0.517670659725127,0.0119603122457292,-0.146960945605086,0.0115565371711707,-0.487909321975214,0.00786888507891642
1.67730602174008,0.363890193799052,-0.0640928531608885,-0.517697735185113,0.0120621717412106,-0.14695674345359,0.0116503432422217,-0.487998802978482,0.00800528488111041
1.68893838794052,0.363767847844036,-0.0645389703758148,-0.517724956817859,0.0121649343426893,-0.146952263811796,0.0117448848054572,-0.488088410601435,0.00814346986271125
1.70065142632699,0.363643564655578,-0.0649878400768648,-0.517752324291797,0.0122686072844617,-0.14694750087392,0.011840165440005,-0.488178133138992,0.00828345324847796
1.71244569637308,0.363517318885414,-0.0654394705037681,-0.517779837270172,0.0123731978470095,-0.14694244877131,0.0119361886920422,-0.488267958717641,0.00842524817599022
1.72432176143241,0.363389084954091,-0.0658938697642091,-0.517807495411312,0.012478713357626,-0.146937101572561,0.0120329580739156,-0.488357875297283,0.00856886769263004
1.73628018876552,0.36325883704982,-0.0663510458311214,-0.517835298368896,0.0125851611910642,-0.146931453283654,0.0121304770632646,-0.488447870673161,0.00871432475261347
1.74832154956701,0.363126549127322,-0.066811006539941,-0.517863245792218,0.0126925487702083,-0.146925497848088,0.0122287491021455,-0.488537932477864,0.0088616322140706
1.7604464189928,0.362992194906652,-0.0672737595858167,-0.517891337326451,0.0128008835667669,-0.146919229147035,0.0123277775961585,-0.488628048183425,0.00901080283617933
1.77265537618758,0.362855747872016,-0.0677393125207768,-0.517919572612903,0.01291017310199,-0.146912640999502,0.0124275659135767,-0.488718205103482,0.00916184927635549
1.78494900431252,0.362717181270569,-0.0682076727508479,-0.51794795128927,0.0130204249474095,-0.146905727162499,0.0125281173844777,-0.488808390395531,0.00931478408750097
1.79732789057308,0.362576468111198,-0.0686788475331268,-0.51797647298988,0.0131316467256027,-0.146898481331222,0.0126294352998778,-0.488898591063246,0.0094696197153129
1.80979262624709,0.362433581163295,-0.0691528439728025,-0.51800513734594,0.0132438461109802,-0.146890897139243,0.0127315229108695,-0.488988793958873,0.00962636849565762
1.82234380671297,0.362288492955516,-0.0696296690201248,-0.518033943985767,0.0133570308305983,-0.146882968158704,0.0128343834277607,-0.489078985785706,0.00978504265201036
1.83498203147818,0.362141175774525,-0.0701093294673212,-0.518062892535013,0.0134712086649947,-0.146874687900533,0.0129380200192184,-0.489169153100619,0.00994565429296451
1.84770790420785,0.36199160166373,-0.0705918319454565,-0.518091982616889,0.01358638744905,-0.146866049814656,0.0130424358114142,-0.48925928231668,0.0101082154098112
1.86052203275364,0.361839742421998,-0.071077182921235,-0.518121213852373,0.0137025750728733,-0.146857047290219,0.013147633887174,-0.48934935970582,0.010272737874195
1.87342502918271,0.361685569602375,-0.071565388693744,-0.518150585860413,0.0138197794827132,-0.146847673655829,0.0132536172851299,-0.489439371401574,0.0104392334358432
1.88641750980704,0.361529054510775,-0.0720564553911337,-0.518180098258116,0.0139380086818938,-0.146837922179788,0.0133603889988762,-0.489529303401882,0.0106077137203753
1.89950009521279,0.361370168204682,-0.0725503889672354,-0.51820975066093,0.0140572707317763,-0.146827786070344,0.0134679519761286,-0.489619141571945,0.0107781902271929
1.91267341029,0.361208881491824,-0.0730471951981124,-0.518239542682815,0.014177573752746,-0.146817258475945,0.013576309117886,-0.489708871647141,0.0109506743274521
1.92593808426241,0.361045164928849,-0.0735468796785447,-0.518269473936396,0.0142989259252251,-0.146806332485508,0.0136854632775967,-0.489798479235997,0.0111251772621205
1.93929475071751,0.360878988819998,-0.0740494478184414,-0.518299544033114,0.0144213354907114,-0.146795001128681,0.0137954172603267,-0.489887949823211,0.011301710140122
1.95274404763682,0.360710323215764,-0.0745549048391841,-0.518329752583348,0.0145448107528429,-0.146783257376121,0.0139061738219325,-0.489977268772718,0.0114802839365689
1.96628661742637,0.360539137911549,-0.0750632557698938,-0.51836009919654,0.0146693600784883,-0.14677109413978,0.0140177356682364,-0.490066421330813,0.0116609094910851
1.97992310694735,0.360365402446327,-0.0755745054436233,-0.51839058348129,0.0147949918988639,-0.146758504273191,0.0141301054542047,-0.490155392629303,0.0118435975062219
1.99365416754703,0.360189086101291,-0.0760886584934709,-0.518421205045447,0.014921714710677,-0.146745480571762,0.0142432857831301,-0.490244167688713,0.0120283585459665
2.00748045508988,0.360010157898514,-0.0766057193486139,-0.518451963496169,0.0150495370772946,-0.146732015773073,0.0143572792058157,-0.490332731421519,0.0122152030343451
2.0214026299889,0.359828586599605,-0.0771256922302597,-0.518482858439986,0.0151784676299399,-0.146718102557188,0.0144720882197631,-0.490421068635419,0.0124041412541248
2.03542135723711,0.359644340704366,-0.0776485811475129,-0.518513889482822,0.0153085150689138,-0.146703733546957,0.0145877152683624,-0.490509164036638,0.0125951833456108
2.0495373064394,0.359457388449464,-0.0781743898931565,-0.518545056230015,0.0154396881648435,-0.146688901308334,0.0147041627400854,-0.490597002233254,0.0127883393055437
2.06375115184445,0.359267697807097,-0.0787031220393429,-0.51857635828631,0.0155719957599576,-0.146673598350698,0.0148214329676811,-0.490684567738553,0.0129836189860966
2.07806357237695,0.359075236483681,-0.0792347809331973,-0.518607795255831,0.0157054467693871,-0.146657817127172,0.0149395282273733,-0.490771844974405,0.013181032093972
2.09247525167004,0.358879971918543,-0.0797693696923264,-0.518639366742033,0.0158400501824932,-0.146641550034952,0.0150584507380604,-0.490858818274658,0.0133805881896026
2.10698687809795,0.358681871282625,-0.0803068912002337,-0.518671072347631,0.0159758150642207,-0.146624789415642,0.0151782026605177,-0.490945471888546,0.0135822966864522
2.12159914480891,0.35848090147721,-0.080847348101639,-0.518702911674508,0.0161127505564786,-0.146607527555581,0.0152987860966001,-0.491031789984106,0.0137861668504204
2.1363127497582,0.358277029132658,-0.0813907427976995,-0.518734884323592,0.0162508658795461,-0.14658975668619,0.0154202030884479,-0.491117756651608,0.0139922077993511
2.15112839574156,0.35807022060717,-0.08193707744113,-0.518766989894718,0.0163901703335044,-0.146571468984306,0.0155424556176926,-0.491203355906986,0.0142004285026437
2.1660467904287,0.357860441985569,-0.0824863539312232,-0.518799227986458,0.0165306732996955,-0.146552656572532,0.015665545604664,-0.491288571695271,0.0144108377809699
2.18106864639712,0.357647659078112,-0.0830385739087648,-0.518831598195919,0.0166723842422057,-0.146533311519582,0.0157894749075986,-0.49137338789402,0.0146234443060923
2.19619468116618,0.357431837419322,-0.0835937387508439,-0.518864100118529,0.0168153127093749,-0.146513425840635,0.0159142453218474,-0.491457788316744,0.0148382566007887
2.21142561723131,0.357212942266863,-0.0841518495655567,-0.518896733347779,0.0169594683353321,-0.146492991497681,0.0160398585790848,-0.491541756716319,0.0150552830388798
2.22676218209858,0.356990938600435,-0.084712907186601,-0.518929497474941,0.0171048608415545,-0.146472000399887,0.0161663163465165,-0.491625276788393,0.0152745318453602
2.24220510831939,0.356765791120716,-0.0852769121677611,-0.518962392088762,0.017251500038454,-0.146450444403945,0.0162936202260879,-0.49170833217477,0.0154960110966327
2.25775513352553,0.356537464248341,-0.0858438647772799,-0.518995416775113,0.017399395826986,-0.146428315314442,0.0164217717536905,-0.491790906466778,0.0157197287208457
2.27341300046436,0.356305922122925,-0.0864137649921195,-0.519028571116622,0.0175485582002844,-0.146405604884216,0.0165507723983682,-0.491872983208614,0.0159456924983321
2.28917945703428,0.356071128602126,-0.0869866124921054,-0.519061854692258,0.0176989972453207,-0.146382304814727,0.0166806235615216,-0.49195454590066,0.0161739100621498
2.30505525632052,0.355833047260767,-0.0875624066539558,-0.519095267076896,0.0178507231445859,-0.14635840675642,0.0168113265761103,-0.492035578002773,0.016404388898722
2.32104115663104,0.355591641390008,-0.0881411465451934,-0.519128807840834,0.0180037461777976,-0.1463339023091,0.0169428827058532,-0.49211606293754,0.0166371363485783
2.33713792153279,0.355346873996569,-0.0887228309179384,-0.519162476549286,0.0181580767236295,-0.1463087830223,0.0170752931444267,-0.492195984093499,0.0168721596071925
2.35334631988814,0.355098707802019,-0.0893074582025824,-0.519196272761826,0.0183137252614642,-0.14628304039566,0.0172085590146586,-0.492275324828313,0.0171094657259183
2.36966712589169,0.354847105242131,-0.0898950265013417,-0.519230196031806,0.0184707023731688,-0.146256665879301,0.0173426813677201,-0.492354068471914,0.0173490616130209
2.38610111910714,0.354592028466295,-0.0904855335816883,-0.519264245905726,0.0186290187448922,-0.146229650874206,0.0174776611823134,-0.492432198329592,0.0175909540348029
2.40264908450462,0.354333439337015,-0.091078976869659,-0.519298421922571,0.0187886851688849,-0.146201986732602,0.0176134993638546,-0.492509697685034,0.0178351496168224
2.41931181249812,0.354071299429469,-0.0916753534430412,-0.519332723613105,0.0189497125453396,-0.146173664758346,0.0177501967436534,-0.492586549803321,0.0180816548452025
2.43609009898327,0.353805570031158,-0.0922746600244346,-0.519367150499119,0.0191121118842535,-0.146144676207311,0.0178877540780867,-0.492662737933859,0.0183304760680307
2.45298474537537,0.353536212141634,-0.0928768929741876,-0.519401702092648,0.01927589430731,-0.146115012287779,0.0180261720477672,-0.492738245313258,0.0185816194968447
2.46999655864764,0.353263186472314,-0.09348204828321,-0.519436377895133,0.0194410710497817,-0.146084664160834,0.0181654512567066,-0.492813055168152,0.0188350912082053
2.48712635136979,0.352986453446393,-0.0940901215656582,-0.519471177396543,0.0196076534624516,-0.14605362294076,0.0183055922314719,-0.49288715071795,0.0190908971453504
2.50437494174681,0.352705973198843,-0.0947011080514963,-0.519506100074454,0.0197756530135545,-0.146021879695438,0.0184465954203365,-0.492960515177529,0.0193490431199336
2.52174315365806,0.352421705576521,-0.0953150025789299,-0.519541145393079,0.0199450812907357,-0.145989425446759,0.0185884611924223,-0.493033131759849,0.0196095348138383
2.53923181669665,0.352133610138376,-0.0959317995867136,-0.519576312802251,0.020115950003028,-0.145956251171026,0.0187311898368366,-0.493104983678502,0.0198723777810719
2.55684176620901,0.351841646155773,-0.0965514931063332,-0.519611601736357,0.0202882709828462,-0.14592234779937,0.0188747815617998,-0.493176054150193,0.0201375774497317
2.57457384333485,0.351545772612919,-0.0971740767540601,-0.51964701161323,0.0204620561879977,-0.14588770621817,0.0190192364937655,-0.493246326397133,0.020405139124045
2.59242889504728,0.35124594820742,-0.0977995437228816,-0.519682541832976,0.0206373177037091,-0.145852317269473,0.019164554676532,-0.493315783649363,0.0206750679864765
2.61040777419332,0.350942131350955,-0.0984278867743038,-0.519718191776769,0.0208140677446683,-0.145816171751426,0.0193107360703451,-0.493384409146996,0.0209473690999042
2.6285113395346,0.350634280170078,-0.0990590982300306,-0.519753960805574,0.0209923186570813,-0.145779260418709,0.0194577805509913,-0.493452186142376,0.0212220474098586
2.64674045578839,0.350322352507151,-0.0996931699635167,-0.519789848258835,0.0211720829207424,-0.145741573982979,0.0196056879088815,-0.49351909790215,0.0214991077468226
2.6650959936689,0.350006305921425,-0.100330093391398,-0.5198258534531,0.0213533731511182,-0.145703103113314,0.019754457848125,-0.493585127709261,0.021778554828592
2.68357882992886,0.349686097690247,-0.1009698594648,-0.519861975680587,0.0215362021014428,-0.145663838436672,0.0199040899855928,-0.493650258864843,0.022060393262689
2.70218984740145,0.349361684810431,-0.101612458660517,-0.519898214207705,0.0217205826648263,-0.145623770538352,0.0200545838499703,-0.493714474690041,0.0223446275488311
2.72092993504239,0.34903302399977,-0.102257880972082,-0.519934568273512,0.0219065278763729,-0.145582889962465,0.0202059388807996,-0.493777758527722,0.0226312620814473
2.73979998797246,0.348700071698709,-0.102906115900705,-0.519971037088111,0.0220940509153086,-0.145541187212417,0.0203581544275096,-0.493840093744109,0.022920301152244
2.75880090752022,0.348362784072186,-0.103557152446103,-0.520007619831001,0.0222831651071193,-0.145498652751395,0.0205112297484353,-0.493901463730315,0.0232117489528117
2.77793360126509,0.348021117011628,-0.104210979097202,-0.52004431564935,0.0224738839256963,-0.14545527700287,0.0206651640098253,-0.493961851903778,0.0235056095772756
2.79719898308069,0.347675026137139,-0.104867583822733,-0.520081123656223,0.0226662209954889,-0.145411050351102,0.0208199562848366,-0.49402124170961,0.0238018870249811
2.81659797317847,0.347324466799843,-0.105526954061711,-0.520118042928742,0.0228601900936637,-0.145365963141668,0.0209756055525179,-0.494079616621836,0.0241005852032154
2.83613149815172,0.346969394084431,-0.106189076713802,-0.520155072506182,0.0230558051522697,-0.145320005681991,0.0211321106967797,-0.494136960144549,0.0244017079299612
2.85580049101974,0.346609762811886,-0.106853938129577,-0.520192211388005,0.0232530802604064,-0.145273168241886,0.0212894705053523,-0.494193255812953,0.0247052589366767
2.87560589127251,0.3462455275424,-0.107521524100667,-0.520229458531832,0.0234520296663975,-0.145225441054119,0.0214476836687308,-0.494248487194318,0.0250112418711027
2.89554864491548,0.345876642578499,-0.108191819849803,-0.52026681285135,0.0236526677799645,-0.145176814314984,0.0216067487791064,-0.494302637888824,0.0253196603000905
2.91562970451479,0.345503061968364,-0.108864810020764,-0.520304273214144,0.0238550091744037,-0.145127278184882,0.0217666643292856,-0.494355691530314,0.02563051771245
2.93585002924278,0.345124739509368,-0.109540478668213,-0.520341838439475,0.0240590685887615,-0.145076822788936,0.0219274287115956,-0.49440763178694,0.0259438175218115
2.95621058492378,0.344741628751822,-0.110218809247447,-0.52037950729598,0.0242648609300106,-0.145025438217598,0.0220890402167761,-0.49445844236171,0.0262595630695026
2.97671234408028,0.344353683002945,-0.110899784604048,-0.520417278499307,0.024472401275223,-0.144973114527297,0.0222514970328588,-0.494508106992935,0.0265777576274322
2.99735628597932,0.343960855331064,-0.11158338696344,-0.520455150709681,0.0246817048737392,-0.144919841741083,0.0224147972440321,-0.494556609454569,0.0268984044009822
3.01814339667932,0.343563098570035,-0.112269597920367,-0.520493122529396,0.0248927871493346,-0.144865609849309,0.0225789388294932,-0.494603933556459,0.0272215065319018
3.03907466907719,0.343160365323908,-0.112958398428279,-0.520531192500239,0.0251056637023785,-0.144810408810317,0.0227439196622874,-0.494650063144476,0.0275470671012027
3.06015110295567,0.342752607971833,-0.113649768788644,-0.520569359100838,0.0253203503119871,-0.144754228551155,0.0229097375081328,-0.494694982100565,0.0278750891320498
3.08137370503119,0.342339778673212,-0.114343688640175,-0.520607620743939,0.0255368629381675,-0.144697058968307,0.0230763900242325,-0.494738674342682,0.0282055755926475
3.10274348900188,0.341921829373103,-0.115040136947997,-0.520645975773608,0.0257552177239527,-0.144638889928455,0.0232438747580744,-0.49478112382463,0.0285385293991161
3.12426147559604,0.341498711807881,-0.115739091992731,-0.520684422462359,0.0259754309975251,-0.144579711269254,0.0234121891462167,-0.494822314535804,0.0288739534183559
3.14592869262085,0.341070377511167,-0.116440531359529,-0.520722959008202,0.0261975192743276,-0.144519512800136,0.0235813305130619,-0.49486223050083,0.0292118504708981
3.16774617501149,0.340636777820018,-0.117144431927041,-0.520761583531619,0.0264214992591609,-0.14445828430314,0.0237512960696175,-0.494900855779107,0.0295522233337354
3.18971496488059,0.340197863881396,-0.117850769856325,-0.520800294072461,0.0266473878482658,-0.144396015533764,0.0239220829122454,-0.494938174464256,0.0298950747431337
3.21183611156796,0.339753586658917,-0.118559520579718,-0.520839088586763,0.0268752021313882,-0.144332696221846,0.0240936880213981,-0.494974170683463,0.0302404073974201
3.23411067169074,0.339303896939876,-0.119270658789653,-0.520877964943486,0.0271049593938259,-0.144268316072475,0.0242661082603447,-0.495008828596737,0.0305882239597439
3.25653970919388,0.338848745342568,-0.119984158427438,-0.520916920921174,0.027336677118455,-0.144202864766922,0.0244393403738846,-0.495042132396064,0.0309385270608089
3.27912429540095,0.338388082323902,-0.12069999267201,-0.52095595420453,0.0275703729877361,-0.144136331963615,0.0246133809870511,-0.495074066304476,0.0312913193015751
3.30186550906528,0.337921858187315,-0.121418133928648,-0.520995062380916,0.0278060648856959,-0.144068707299128,0.0247882266038043,-0.495104614575022,0.031646603255925
3.32476443642155,0.337450023090983,-0.122138553817677,-0.521034242936762,0.0280437708998843,-0.143999980389214,0.0249638736057143,-0.495133761489648,0.0320043814732932
3.3478221712376,0.336972527056351,-0.122861223163145,-0.521073493253903,0.0282835093233057,-0.143930140829867,0.0251403182506347,-0.495161491357991,0.0323646564812577
3.37103981486675,0.336489319976968,-0.123586111981497,-0.521112810605817,0.0285252986563205,-0.143859178198411,0.0253175566713683,-0.49518778851608,0.0327274307880884
3.39441847630035,0.336000351627649,-0.124313189470243,-0.521152192153796,0.0287691576085183,-0.143787082054636,0.0254955848743231,-0.495212637324955,0.0330927068852531
3.41795927222076,0.335505571673951,-0.125042423996636,-0.521191634943017,0.0290151051005573,-0.143713841941957,0.0256743987381622,-0.495236022169197,0.0334604872498751
3.44166332705473,0.335004929681984,-0.125773783086349,-0.521231135898538,0.0292631602659716,-0.143639447388615,0.0258539940124464,-0.495257927455374,0.0338307743471444
3.46553177302703,0.33449837512855,-0.126507233412176,-0.521270691821199,0.0295133424529412,-0.143563887908917,0.0260343663162702,-0.495278337610409,0.0342035706326767
3.48956575021462,0.333985857411622,-0.127242740782764,-0.521310299383441,0.029765671226026,-0.14348715300451,0.026215511136893,-0.495297237079861,0.0345788785548208
3.51376640660105,0.333467325861158,-0.127980270131364,-0.521349955125039,0.0300201663678583,-0.143409232165695,0.0263974238283661,-0.495314610326134,0.0349567005569093
3.53813489813128,0.33294272975027,-0.128719785504635,-0.521389655448738,0.0302768478807955,-0.143330114872785,0.026580099610155,-0.495330441826604,0.0353370390794556
3.56267238876697,0.33241201830673,-0.129461250051485,-0.52142939661581,0.0305357359885277,-0.143249790597498,0.0267635335657602,-0.495344716071671,0.0357198965622889
3.58738005054197,0.331875140724839,-0.130204626011979,-0.52146917474152,0.03079685113764,-0.143168248804395,0.0269477206413352,-0.495357417562744,0.0361052754466313
3.61225906361841,0.331332046177646,-0.130949874706302,-0.521508985790494,0.0310602139991269,-0.143085478952361,0.027132655644304,-0.495368530810142,0.0364931781771109
3.63731061634298,0.330782683829535,-0.131696956523801,-0.521548825572005,0.0313258454698563,-0.143001470496128,0.0273183332419792,-0.495378040330939,0.0368836072037124
3.66253590530377,0.330227002849165,-0.132445830912106,-0.52158868973517,0.0315937666739814,-0.142916212887845,0.0275047479601809,-0.495385930646731,0.0372765649836617
3.68793613538733,0.32966495242279,-0.133196456366345,-0.521628573764047,0.0318639989642975,-0.14282969557869,0.0276918941818579,-0.495392186281343,0.0376720539832428
3.71351251983634,0.329096481767941,-0.133948790418454,-0.521668472972645,0.0321365639235422,-0.142741908020528,0.0278797661457131,-0.49539679175847,0.0380700766795472
3.73926628030746,0.328521540147484,-0.134702789626604,-0.521708382499849,0.0324114833656358,-0.14265283966762,0.0280683579448331,-0.495399731599257,0.0384706355621535
3.76519864692972,0.327940076884054,-0.135458409564736,-0.52174829730424,0.0326887793368608,-0.142562479978378,0.028257663525324,-0.495400990319816,0.038873733134735
3.7913108583633,0.327352041374871,-0.136215604812238,-0.521788212158834,0.0329684741169762,-0.142470818417161,0.0284476766849544,-0.49540055242869,0.0392793719165954
3.81760416185865,0.326757383106932,-0.13697432894375,-0.52182812164572,0.0332505902202656,-0.142377844456133,0.0286383910718071,-0.495398402424261,0.0396875544441311
3.84407981331609,0.326156051672597,-0.137734534519122,-0.521868020150613,0.0335351503965161,-0.142283547577161,0.0288298001829411,-0.495394524792096,0.0400982832722181
3.87073907734582,0.325547996785546,-0.138496173073537,-0.521907901857308,0.0338221776319257,-0.142187917273766,0.0290218973630643,-0.495388904002254,0.0405115609755245
3.89758322732826,0.324933168297142,-0.139259195107792,-0.521947760742047,0.0341116951499353,-0.142090943053124,0.02921467580322,-0.495381524506535,0.0409273901497446
3.92461354547494,0.324311516213164,-0.140023550078774,-0.521987590567783,0.0344037264119852,-0.141992614438126,0.0294081285394867,-0.495372370735679,0.0413457734127567
3.95183132288971,0.323682990710951,-0.140789186390114,-0.522027384878365,0.03469829511819,-0.141892920969473,0.0296022484516949,-0.495361427096532,0.0417667134057024
3.97923785963041,0.323047542156921,-0.14155605138306,-0.522067136992621,0.0349954252079326,-0.141791852207847,0.0297970282621609,-0.495348677969152,0.0421902127939852
4.00683446477099,0.322405121124494,-0.142324091327549,-0.522106839998346,0.0352951408603719,-0.141689397736111,0.0299924605344392,-0.495334107703888,0.0426162742681921
4.03462245646401,0.321755678412404,-0.143093251413516,-0.522146486746209,0.0355974664948631,-0.141585547161582,0.0301885376720968,-0.49531770061841,0.043044900544931
4.06260316200361,0.321099165063405,-0.143863475742439,-0.522186069843554,0.0359024267712859,-0.141480290118346,0.0303852519175091,-0.495299440994705,0.0434760943675903
4.09077791788892,0.320435532383377,-0.144634707319131,-0.52222558164812,0.0362100465902802,-0.141373616269633,0.0305825953506802,-0.495279313076038,0.0439098585070147
4.11914806988789,0.319764731960815,-0.145406888043797,-0.522265014261663,0.0365203510933839,-0.141265515310242,0.0307805598880894,-0.495257301063882,0.0443461957620997
4.14771497310157,0.31908671568672,-0.146179958704365,-0.522304359523488,0.0368333656630714,-0.141155976969026,0.0309791372815654,-0.495233389114809,0.0447851089603035
4.17647999202884,0.318401435774884,-0.146953858969105,-0.522343609003894,0.0371491159226883,-0.141044991011427,0.0311783191171897,-0.495207561337358,0.0452266009580755
4.20544450063156,0.317708844782557,-0.147728527379548,-0.522382753997522,0.037467627736282,-0.140932547242071,0.0313780968142323,-0.495179801788873,0.0456706746412026
4.23460988240025,0.317008895631515,-0.148503901343718,-0.522421785516619,0.0377889272083209,-0.140818635507411,0.0315784616241201,-0.495150094472319,0.0461173329250708
4.26397753042013,0.316301541629509,-0.149279917129683,-0.522460694284213,0.0381130406833031,-0.140703245698436,0.0317794046294408,-0.495118423333066,0.0465665787548445
4.29354884743766,0.315586736492103,-0.150056509859459,-0.522499470727195,0.038439994745249,-0.140586367753421,0.0319809167429845,-0.495084772255661,0.0470184151055606
4.32332524592758,0.314864434364895,-0.150833613503254,-0.52253810496932,0.0387698162170755,-0.140467991660747,0.0321829887068241,-0.495049125060571,0.0474728449821396
4.35330814816033,0.314134589846119,-0.151611160874082,-0.522576586824117,0.0391025321598482,-0.140348107461764,0.0323856110914373,-0.495011465500916,0.0479298714193123
4.38349898627002,0.313397158009626,-0.152389083622757,-0.522614905787715,0.0394381698719082,-0.140226705253718,0.0325887742948716,-0.494971777259177,0.0483894974814631
4.41389920232282,0.312652094428232,-0.153167312233275,-0.522653051031587,0.0397767568878712,-0.140103775192721,0.0327924685419557,-0.494930043943898,0.0488517262623877
4.44451024838583,0.311899355197448,-0.153945776018614,-0.522691011395206,0.040118320977494,-0.139979307496789,0.032996683883557,-0.494886249086367,0.0493165608849697
4.47533358659646,0.311138896959563,-0.154724403116941,-0.522728775378626,0.0404628901444065,-0.139853292448925,0.0332014101958903,-0.494840376137294,0.0497840045007699
4.50637068923228,0.310370676928097,-0.155503120488259,-0.522766331134977,0.0408104926247043,-0.139725720400253,0.0334066371798766,-0.494792408463469,0.0502540602895347
4.53762303878129,0.309594652912599,-0.156281853911508,-0.522803666462881,0.0411611568853999,-0.139596581773214,0.0336123543605578,-0.494742329344422,0.0507267314586195
4.56909212801278,0.308810783343807,-0.157060527982118,-0.522840768798795,0.041514911622729,-0.139465867064807,0.0338185510865656,-0.49469012196907,0.0512020212423294
4.60077946004862,0.30801902729914,-0.157839066110049,-0.522877625209274,0.041871785760306,-0.139333566849882,0.0340252165296499,-0.494635769432365,0.0516799329011757
4.63268654843505,0.307219344528533,-0.158617390518313,-0.522914222383162,0.0422318084471298,-0.139199671784485,0.0342323396842675,-0.494579254731928,0.0521604697210511
4.66481491721498,0.306411695480598,-0.159395422242007,-0.522950546623711,0.0425950090554316,-0.139064172609253,0.0344399093672326,-0.494520560764698,0.0526436350123211
4.69716610100076,0.305596041329109,-0.160173081127867,-0.522986583840625,0.0429614171783634,-0.138927060152861,0.0346479142174338,-0.494459670323561,0.0531294321088335
4.72974164504755,0.304772343999802,-0.160950285834346,-0.523022319542045,0.0433310626275257,-0.138788325335505,0.0348563426956161,-0.494396566093998,0.053617864366845
4.76254310532705,0.303940566197473,-0.161726953832254,-0.523057738826457,0.0437039754303261,-0.138647959172449,0.0350651830842345,-0.494331230650721,0.0541089351638685
4.79557204860185,0.303100671433382,-0.162503001405945,-0.523092826374546,0.0440801858271694,-0.138505952777602,0.0352744234873769,-0.494263646454322,0.0546026478974357
4.82883005250031,0.302252624052936,-0.163278343655096,-0.52312756644098,0.0444597242684742,-0.138362297367151,0.0354840518307622,-0.494193795847925,0.0550990059837819
4.86231870559183,0.301396389263654,-0.164052894497063,-0.523161942846144,0.044842621411512,-0.138216984263228,0.0356940558618136,-0.494121661053841,0.0555980128564476
4.89603960746281,0.300531933163391,-0.164826566669847,-0.523195938967807,0.0452289081170657,-0.138070004897626,0.0359044231498103,-0.494047224170233,0.0560996719648021
4.92999436879299,0.299659222768823,-0.165599271735685,-0.523229537732747,0.0456186154459042,-0.13792135081555,0.0361151410861195,-0.493970467167791,0.0566039867724857
4.96418461143244,0.298778226044172,-0.166370920085259,-0.523262721608313,0.0460117746550696,-0.137771013679408,0.03632619688451,-0.493891371886415,0.0571109607557733
4.99861196847899,0.297888911930162,-0.167141420942565,-0.523295472593951,0.0464084171939726,-0.137618985272644,0.0365375775815519,-0.493809920031908,0.0576205974018587
5.03327808435624,0.296991250373193,-0.167910682370435,-0.523327772212678,0.0468085747002941,-0.137465257503594,0.0367492700371014,-0.493726093172686,0.0581329002070604
5.06818461489212,0.296085212354721,-0.168678611276733,-0.523359601502513,0.0472122789956876,-0.137309822409387,0.0369612609348755,-0.493639872736495,0.0586478726749495
5.10333322739797,0.295170769920825,-0.169445113421236,-0.523390941007877,0.0476195620812816,-0.137152672159875,0.037173536783117,-0.493551240007146,0.0591655183143994
5.13872560074817,0.294247896211959,-0.170210093423221,-0.523421770770954,0.0480304561329752,-0.136993799061587,0.0373860839153526,-0.493460176121264,0.0596858406375583
5.17436342546036,0.293316565492849,-0.170973454769758,-0.523452070323019,0.0484449934965268,-0.136833195561713,0.0375988884912457,-0.493366662065056,0.0602088431577453
5.21024840377617,0.292376753182558,-0.171735099824729,-0.523481818675744,0.0488632066824303,-0.136670854252117,0.0378119364975464,-0.493270678671089,0.0607345293872689
5.24638224974252,0.291428435884661,-0.172494929838588,-0.523510994312472,0.0492851283605772,-0.136506767873366,0.03802521374914,-0.493172206615096,0.0612629028351707
5.2827666892935,0.290471591417542,-0.173252844958866,-0.523539575179483,0.0497107913546986,-0.136340929318785,0.0382387058901965,-0.493071226412792,0.0617939670048922
5.31940346033281,0.289506198844789,-0.174008744241442,-0.523567538677236,0.0501402286365879,-0.136173331638527,0.0384523983954221,-0.492967718416714,0.0623277253918673
5.35629431281677,0.288532238505662,-0.174762525662583,-0.5235948616516,0.0505734733200973,-0.136003968043654,0.0386662765714152,-0.492861662813084,0.0628641814810383
5.39344100883792,0.287549692045623,-0.175514086131769,-0.523621520385085,0.051010558654907,-0.135832831910244,0.0388803255581291,-0.492753039618683,0.0634033387442995
5.43084532270915,0.286558542446902,-0.176263321505313,-0.523647490588062,0.0514515180200637,-0.135659916783489,0.0390945303304412,-0.492641828677766,0.063945200637864
5.4685090410485,0.285558774059098,-0.177010126600789,-0.523672747389993,0.0518963849172851,-0.135485216381819,0.0393088756998325,-0.492528009658976,0.0644897705995586
5.50643396286443,0.28455037262976,-0.177754395212266,-0.523697265330663,0.0523451929640274,-0.135308724601014,0.0395233463161771,-0.492411562052302,0.065037052046044
5.54462189964184,0.28353332533497,-0.178496020126377,-0.523721018351427,0.0527979758863145,-0.135130435518329,0.0397379266696448,-0.492292465166051,0.0655870483699617
5.58307467542852,0.282507620809871,-0.179234893139212,-0.523743979786475,0.0532547675113229,-0.13495034339661,0.0399526010927168,-0.492170698123846,0.0661397629370076
5.6217941269223,0.281473249179138,-0.179970905074062,-0.523766122354114,0.0537156017597238,-0.134768442688407,0.0401673537623167,-0.492046239861654,0.066695199082934
5.66078210355879,0.280430202087367,-0.180703945800005,-0.523787418148085,0.0541805126377754,-0.13458472804008,0.0403821687020574,-0.491919069124831,0.0672533601104766
5.70004046759971,0.279378472729353,-0.181433904251351,-0.523807838628909,0.0546495342291677,-0.134399194295888,0.0405970297846058,-0.491789164465209,0.0678142492862117
5.73957109422183,0.278318055880236,-0.182160668447957,-0.523827354615271,0.0551227006866128,-0.134211836502073,0.0408119207341658,-0.491656504238194,0.0683778698373391
5.77937587160657,0.277248947925506,-0.182884125516403,-0.523845936275453,0.0556000462231817,-0.134022649910912,0.04102682512908,-0.4915210665999,0.0689442249483938
5.81945670103016,0.276171146890808,-0.183604161712054,-0.523863553118812,0.0560816051033838,-0.133831629984759,0.0412417264045532,-0.491382829504319,0.0695133177578854
5.85981549695445,0.275084652471569,-0.184320662441993,-0.523880173987319,0.0565674116339883,-0.133638772400051,0.0414566078554949,-0.491241770700502,0.070085151354866
5.90045418711838,0.273989466062377,-0.185033512288849,-0.523895767047155,0.0570575001545837,-0.133444073051294,0.0416714526394853,-0.491097867729788,0.0706597287754255
5.94137471263004,0.272885590786118,-0.185742595035509,-0.523910299780384,0.0575519050278759,-0.133247528055006,0.0418862437798621,-0.490951097923054,0.0712370529991158
5.9825790280594,0.27177303152283,-0.18644779369072,-0.52392373897669,0.0580506606297215,-0.133049133753633,0.0421009641689309,-0.490801438397997,0.0718171269453028
6.02406910153166,0.270651794938255,-0.187148990515596,-0.523936050725206,0.0585538013388955,-0.132848886719411,0.0423155965712976,-0.49064886605645,0.0723999534694466
6.06584691482126,0.269521889512051,-0.187846067051006,-0.523947200406427,0.0590613615265923,-0.132646783758199,0.0425301236273251,-0.490493357581728,0.0729855353593101
6.10791446344653,0.268383325565654,-0.188538904145871,-0.523957152684211,0.0595733755456582,-0.132442821913247,0.0427445278567118,-0.490334889436007,0.0735738753310948
6.15027375676503,0.267236115289744,-0.189227381986351,-0.523965871497895,0.0600898777195542,-0.132236998468922,0.0429587916621948,-0.490173437857736,0.0741649760255059
6.19292681806951,0.266080272771306,-0.18991138012593,-0.523973320054508,0.0606109023310491,-0.132029310954371,0.0431728973333741,-0.490008978859086,0.0747588400037436
6.23587568468454,0.264915814020241,-0.190590777516394,-0.523979460821106,0.0611364836106418,-0.131819757147126,0.0433868270506612,-0.489841488223428,0.0753554697434227
6.27912240806387,0.263742756995509,-0.1912654525397,-0.523984255517222,0.0616666557247111,-0.13160833507664,0.0436005628893491,-0.489670941502854,0.0759548676344203
6.32266905388835,0.26256112163077,-0.191935283040732,-0.523987665107459,0.0622014527633949,-0.131395043027757,0.0438140868238031,-0.489497314015721,0.0765570359746486
6.36651770216467,0.2613709298595,-0.192600146360942,-0.523989649794204,0.0627409087281958,-0.131179879544105,0.0440273807317737,-0.489320580844247,0.0771619769657564
6.41067044732463,0.26017220563955,-0.193259919372867,-0.523990169010497,0.0632850575193159,-0.13096284343141,0.0442404263988285,-0.489140716832128,0.0777696927087564
6.45512939832527,0.258964974977115,-0.193914478515515,-0.523989181413052,0.0638339329227184,-0.130743933760733,0.0444532055229028,-0.488957696582209,0.078380185199578
6.49989667874954,0.257749265950087,-0.194563699830623,-0.523986644875428,0.0643875685969184,-0.130523149871612,0.0446656997189685,-0.488771494454178,0.0789934563245471
6.54497442690774,0.256525108730769,-0.195207458999759,-0.523982516481379,0.064945998059502,-0.130300491375117,0.0448778905238184,-0.488582084562307,0.07960950785579
6.5903647959397,0.255292535607909,-0.195845631382281,-0.523976752518368,0.0655092546733752,-0.130075958156813,0.0450897594009659,-0.488389440773236,0.0802283414465629
6.63606995391757,0.254051581008031,-0.196478092054122,-0.52396930847127,0.0660773716327435,-0.129849550379613,0.0453012877456572,-0.488193536703786,0.0808499586265054
6.68209208394941,0.252802281516034,-0.197104715847412,-0.523960139016266,0.0666503819488226,-0.12962126848654,0.0455124568899951,-0.487994345718825,0.0814743607968184
6.72843338428345,0.251544675895029,-0.197725377390898,-0.523949198014924,0.0672283184352833,-0.129391113203367,0.0457232481081716,-0.487791840929171,0.0821015492253647
6.77509606841313,0.250278805105381,-0.198339951151175,-0.523936438508503,0.0678112136934299,-0.129159085541154,0.0459336426218081,-0.487585995189537,0.0827315250416926
6.82208236518274,0.249004712322933,-0.198948311474692,-0.523921812712453,0.0683991000971156,-0.128925186798664,0.0461436216053993,-0.487376781096521,0.0833642892319814
6.86939451889399,0.247722442956376,-0.199550332630534,-0.52390527201115,0.0689920097773966,-0.128689418564656,0.0463531661918604,-0.487164170986641,0.0839998426339093
6.91703478941313,0.246432044663745,-0.200145888853948,-0.523886766952853,0.0695899746069265,-0.12845178272006,0.0465622574781728,-0.486948136934417,0.084638185931441
6.96500545227891,0.245133567368006,-0.200734854390613,-0.5238662472449,0.0701930261840944,-0.12821228144001,0.0467708765311276,-0.486728650750499,0.0852793196495359
7.0133087988113,0.2438270632717,-0.201317103541618,-0.523843661749153,0.0708011958169081,-0.127970917195756,0.0469790043931611,-0.486505683979838,0.0859232441487762
7.06194713622089,0.242512586870638,-0.201892510709136,-0.523818958477688,0.0714145145066274,-0.127727692756429,0.0471866220882829,-0.486279207899918,0.0865699596199126
7.11092278771915,0.241190194966587,-0.202460950442777,-0.523792084588757,0.0720330129311486,-0.12748261119067,0.0473937106280889,-0.486049193519024,0.0872194660783294
7.16023809262934,0.239859946678952,-0.203022297486587,-0.52376298638301,0.0726567214281442,-0.12723567586811,0.0476002510178601,-0.485815611574573,0.0878717633584256
7.20989540649828,0.238521903455402,-0.203576426826687,-0.5237316093,0.0732856699779626,-0.126986890460701,0.0478062242627392,-0.485578432531488,0.0885268511079123
7.25989710120885,0.237176129081435,-0.204123213739501,-0.52369789791497,0.0739198881862904,-0.126736258943899,0.0480116113739851,-0.485337626580636,0.0891847287820269
7.31024556509332,0.235822689688834,-0.20466253384058,-0.523661795935935,0.0745594052665811,-0.12648378559768,0.0482163933752987,-0.485093163637315,0.0898453956376609
7.36094320304735,0.234461653763008,-0.20519426313397,-0.523623246201061,0.0752042500222563,-0.126229475007405,0.0484205513092161,-0.484845013339799,0.0905088507274013
7.41199243664497,0.233093092149185,-0.205718278062107,-0.523582190676357,0.0758544508286826,-0.125973332064518,0.0486240662435665,-0.484593145047941,0.0911750928934864
7.46339570425412,0.231717078057434,-0.206234455556213,-0.523538570453682,0.0765100356149288,-0.125715361967076,0.0488269192779883,-0.484337527841838,0.091844120761672
7.51515546115323,0.230333687066489,-0.206742673087156,-0.523492325749072,0.0771710318453096,-0.125455570220108,0.0490290915504998,-0.48407813052056,0.0925159327350107
7.56727417964842,0.228942997126365,-0.207242808716753,-0.523443395901405,0.0778374665007206,-0.125193962635806,0.04923056424412,-0.483814921600935,0.0931905269875394
7.61975434919166,0.227545088559729,-0.207734741149473,-0.523391719371397,0.07850936605977,-0.124930545333534,0.0494313185935335,-0.483547869316407,0.0938679014578783
7.67259847649959,0.226140044062014,-0.208218349784518,-0.52333723374095,0.079186756479712,-0.12466532473966,0.0496313358917949,-0.483276941615957,0.0945480538427375
7.72580908567334,0.22472794870026,-0.208693514768242,-0.523279875712851,0.0798696631771905,-0.124398307587208,0.0498305974970683,-0.483002106163094,0.0952309815903311
7.77938871831903,0.22330888991065,-0.209160117046879,-0.523219581110834,0.0805581110087955,-0.124129500915324,0.0500290848393949,-0.482723330334923,0.0959166818936989
7.83333993366922,0.221882957494737,-0.20961803841954,-0.523156284880004,0.081252124251443,-0.123858912068555,0.0502267794274846,-0.482440581221272,0.0966051516839333
7.8876653087051,0.220450243614338,-0.210067161591446,-0.523089921087643,0.0819517265825802,-0.123586548695943,0.0504236628555246,-0.482153825623913,0.0972963876233122
7.94236743827963,0.219010842785077,-0.210507370227356,-0.52302042292439,0.0826569410602281,-0.123312418749926,0.0506197168100015,-0.481863030055849,0.0979903860983348
7.99744893524145,0.217564851868573,-0.210938549005161,-0.522947722705817,0.0833677901028645,-0.123036530485045,0.0508149230765277,-0.481568160740684,0.0986871432126626
8.0529124305597,0.216112370063245,-0.211360583669593,-0.522871751874388,0.0840842954691563,-0.122758892456464,0.0510092635466694,-0.481269183612077,0.0993866547799615
8.10876057344967,0.214653498893733,-0.211773361086026,-0.522792441001832,0.0848064782375492,-0.122479513518286,0.0512027202247681,-0.480966064313281,0.100088916316647
8.16499603149936,0.213188342198921,-0.21217676929431,-0.522709719791916,0.0855343587857217,-0.122198402821679,0.0513952752347497,-0.480658768196771,0.100793923034528
8.22162149079689,0.211717006118544,-0.212570697562616,-0.522623517083628,0.0862679567699121,-0.121915569812802,0.0515869108269155,-0.480347260323964,0.101501669833358
8.27863965605879,0.210239599078388,-0.212955036441235,-0.522533760854785,0.0870072911041243,-0.121631024230536,0.0517776093847086,-0.480031505465025,0.102212151293273
8.33605325075921,0.208756231774057,-0.213329677816305,-0.522440378226066,0.0877523799392258,-0.12134477610401,0.0519673534314482,-0.479711468098784,0.102925361667144
8.39386501726,0.207267017153311,-0.213694514963408,-0.522343295465467,0.0885032406419395,-0.121056835749938,0.0521561256370274,-0.479387112412739,0.103641294872817
8.45207771694168,0.205772070396973,-0.214049442601005,-0.5222424379932,0.089259889773745,-0.120767213769746,0.0523439088245649,-0.479058402303168,0.104359944485255
8.51069413033537,0.204271508898389,-0.214394356943665,-0.522137730387027,0.0900223430696923,-0.120475921046508,0.0525306859770077,-0.478725301375351,0.105081303728574
8.56971705725559,0.20276545224146,-0.21472915575504,-0.522029096388045,0.0907906154171416,-0.120182968741681,0.0527164402436742,-0.478387772943891,0.105805365467987
8.62914931693396,0.201254022177222,-0.215053738400545,-0.52191645890691,0.091564720834435,-0.119888368291643,0.0529011549467344,-0.478045780033162,0.106532122201626
8.68899374815392,0.199737342598991,-0.215368005899698,-0.521799740030533,0.0923446724495113,-0.119592131404032,0.053084813587618,-0.477699285377857,0.10726156605228
8.74925320938629,0.19821553951608,-0.21567186097808,-0.521678861029213,0.0931304824784733,-0.119294270053888,0.0532673998533448,-0.477348251423674,0.107993688759014
8.80993057892579,0.196688741026066,-0.215965208118863,-0.521553742364255,0.0939221622041163,-0.118994796479611,0.053448897622771,-0.476992640328109,0.108728481668695
8.87102875502857,0.195157077285652,-0.216247953613868,-0.521424303696034,0.0947197219544281,-0.118693723178709,0.0536292909727429,-0.47663241396139,0.109465935727404
8.93255065605059,0.193620680480092,-0.216520005614107,-0.521290463892546,0.0955231710810705,-0.118391062903369,0.0538085641841538,-0.476267533907536,0.110206041471752
8.99449922058705,0.192079684791218,-0.21678127417976,-0.521152141038421,0.0963325179378524,-0.118086828655833,0.0539867017478946,-0.475897961465548,0.110948789020089
9.05687740761275,0.190534226364061,-0.217031671329552,-0.521009252444416,0.097147769859204,-0.117781033683589,0.0541636883706935,-0.475523657650753,0.111694168063608
9.11968819662343,0.188984443272087,-0.217271111089474,-0.520861714657393,0.0979689331386628,-0.117473691474378,0.0543395089808375,-0.475144583196275,0.112442167857345
9.18293458777804,0.18743047548106,-0.217499509540818,-0.520709443470767,0.0987960130073819,-0.117164815751019,0.0545141487337685,-0.474760698554669,0.11319277721108
9.2466196020421,0.185872464811545,-0.217716784867464,-0.52055235393545,0.0996290136126701,-0.116854420466056,0.0546875930175481,-0.474371963899698,0.113945984480132
9.31074628133199,0.184310554900066,-0.217922857402398,-0.520390360371276,0.100467937996575,-0.116542519796235,0.0548598274581845,-0.473978339128271,0.114701777556052
9.3753176886602,0.182744891158949,-0.218117649673394,-0.520223376378913,0.101312788074521,-0.1162291281368,0.0550308379248153,-0.473579783862543,0.115460143857217
9.44033690828169,0.18117562073485,-0.218301086447839,-0.520051314852269,0.102163564614006,-0.115914260095637,0.0552006105347387,-0.473176257452178,0.116221070319318
9.50580704584117,0.179602892466011,-0.218473094776645,-0.519874087991386,0.103020267213384,-0.11559793048724,0.0553691316582891,-0.472767718976789,0.11698454338576
9.57173122852146,0.178026856838247,-0.218633604037209,-0.51969160731583,0.103882894280715,-0.115280154326526,0.055536387923549,-0.472354127248549,0.117750548997948
9.63811260519287,0.176447665939706,-0.21878254597539,-0.519503783678568,0.104751443012734,-0.114960946822501,0.0557023662208919,-0.471935440814983,0.118519072585492
9.70495434656358,0.174865473414414,-0.218919854746441,-0.51931052728035,0.105625909373902,-0.114640323371765,0.055867053707351,-0.471511617961948,0.119290099056302
9.7722596453311,0.173280434414642,-0.219045466954887,-0.519111747684571,0.106506288075596,-0.114318299551884,0.056030437810807,-0.471082616716804,0.120063612786603
9.84003171633479,0.171692705552116,-0.219159321693281,-0.518907353832642,0.107392572555416,-0.113994891114618,0.0561925062339903,-0.470648394851778,0.120839597610845
9.90827379670937,0.17010244484811,-0.219261360579822,-0.518697254059847,0.108284754956631,-0.113670113979018,0.0563532469582917,-0.470208909887531,0.121618036811531
9.97698914603959,0.168509811682441,-0.219351527794782,-0.518481356111692,0.10918282610778,-0.113343984224397,0.0565126482473766,-0.469764119096934,0.122398913108953
10.0461810465159,0.166914966741411,-0.219429770115722,-0.518259567160759,0.11008677550243,-0.113016518083175,0.0566706986505978,-0.469313979509049,0.123182208650844
10.1158528030912,0.165318071964723,-0.219496036951446,-0.518031793824042,0.110996591279111,-0.112687731933616,0.0568273870062023,-0.468858447913335,0.123967905001945
10.1860077436388,0.163719290491408,-0.219550280374678,-0.517797942180775,0.111912260201423,-0.112357642292453,0.0569827024443262,-0.468397480864069,0.124755983133492
10.2566492191112,0.162118786604804,-0.219592455153409,-0.517557917790764,0.11283376763835,-0.11202626580741,0.0571366343897758,-0.467931034685002,0.12554642341262
10.3277806037004,0.160516725676619,-0.219622518780898,-0.517311625713188,0.113761097544764,-0.111693619249633,0.0572891725645879,-0.467459065474242,0.126339205591704
10.3994052949988,0.158913274110115,-0.219640431504295,-0.517058970525904,0.114694232442154,-0.111359719506028,0.0574403069903672,-0.466981529109382,0.127134308797609
10.4715267141616,0.15730859928247,-0.219646156351849,-0.516799856345232,0.115633153399577,-0.111024583571522,0.0575900279903972,-0.466498381252865,0.127931711520891
10.5441483060703,0.155702869486335,-0.219639659158686,-0.516534186846217,0.116577840014842,-0.110688228541253,0.057738326191519,-0.466009577357608,0.12873139160492
10.6172735394972,0.154096253870648,-0.219620908591116,-0.516261865283384,0.117528270395943,-0.110350671602686,0.0578851925257782,-0.465515072672876,0.129533326234945
10.6909059072708,0.152488922380739,-0.219589876169466,-0.515982794511965,0.118484421142753,-0.110011930027675,0.0580306182318338,-0.465014822250418,0.130337491927103
10.7650489264432,0.150881045697769,-0.219546536289388,-0.515696877009598,0.119446267328975,-0.109672021164479,0.0581745948561276,-0.464508780950869,0.131143864517372
10.8397061384575,0.149272795177559,-0.219490866241652,-0.51540401489851,0.12041378248438,-0.109330962429728,0.0583171142538129,-0.463996903450431,0.131952419150479
10.9148811093176,0.147664342788836,-0.219422846230374,-0.515104109968157,0.12138693857733,-0.108988771300359,0.0584581685894384,-0.463479144247824,0.132763130268765
10.9905774297578,0.146055861050963,-0.219342459389687,-0.514797063698341,0.122365705997601,-0.108645465305521,0.0585977503373864,-0.462955457671523,0.133575971601
11.0667987154147,0.144447522971184,-0.219249691798815,-0.514482777282787,0.123350053539508,-0.10830106201847,0.0587358522820637,-0.462425797887291,0.13439091615118
11.1435486070002,0.142839501981442,-0.21914453249556,-0.514161151653173,0.12433994838536,-0.107955579048443,0.0588724675178444,-0.461890118905997,0.135207936187284
11.2208307704748,0.141231971874813,-0.21902697348816,-0.513832087503627,0.125335356089232,-0.107609034032539,0.0590075894487622,-0.46134837459174,0.136027003230012
11.2986488972231,0.139625106741603,-0.218897009765535,-0.513495485315668,0.126336240561085,-0.107261444627604,0.0591412117879535,-0.460800518670281,0.136848088041505
11.3770067042298,0.13801908090517,-0.218754639305887,-0.513151245383595,0.127342564051226,-0.106912828502129,0.0592733285568491,-0.460246504737781,0.137671160614057
11.4559079342577,0.136414068857496,-0.218599863083663,-0.512799267840325,0.128354287135139,-0.106563203328178,0.0594039340841158,-0.45968628626986,0.138496190158816
11.535356356026,0.134810245194585,-0.218432685074868,-0.512439452683659,0.129371368698668,-0.106212586773338,0.0595330230043473,-0.459119816630974,0.139323145094496
11.6153557643908,0.133207784551722,-0.218253112260715,-0.512071699802997,0.130393765923592,-0.105860996492723,0.0596605902565056,-0.458547049084125,0.140151993036087
11.6959099805258,0.131606861538642,-0.218061154629628,-0.51169590900647,0.131421434273579,-0.105508450121014,0.0597866310821135,-0.457967936800899,0.140982700783593
11.7770228521052,0.130007650674669,-0.21785682517758,-0.511311980048501,0.132454327480543,-0.105154965264571,0.0599111410231987,-0.457382432871841,0.141815234310782
11.8586982534876,0.128410326323864,-0.217640139906769,-0.510919812657792,0.133492397531401,-0.104800559493595,0.0600341159199932,-0.456790490317178,0.142649558753977
11.9409400859005,0.126815062630239,-0.217411117822646,-0.510519306565713,0.134535594655254,-0.104445250334384,0.0601555519083866,-0.45619206209788,0.14348563840088
12.0237522776272,0.125222033453088,-0.217169780929283,-0.510110361535113,0.135583867310984,-0.104089055261652,0.0602754454171383,-0.455587101127081,0.144323436679441
12.1071387841942,0.123631412302471,-0.216916154223097,-0.509692877389529,0.136637162175296,-0.103731991690962,0.0603937931648498,-0.454975560281856,0.145162916146793
12.1911035885602,0.122043372274925,-0.216650265684935,-0.509266754042793,0.137695424131194,-0.103374076971236,0.0605105921566997,-0.454357392415351,0.146004038478241
12.2756507013062,0.12045808598942,-0.216372146270529,-0.508831891529035,0.138758596256919,-0.103015328377394,0.0606258396809448,-0.453732550369286,0.146846764456324
12.3607841608273,0.11887572552364,-0.216081829899326,-0.508388190033074,0.139826619815342,-0.102655763103094,0.0607395333051907,-0.453100986986827,0.147691053959972
12.4465080335254,0.117296462350609,-0.215779353441716,-0.507935549921187,0.140899434243832,-0.102295398253605,0.0608516708724359,-0.452462655125826,0.14853686595374
12.5328264140034,0.115720467275727,-0.215464756704669,-0.507473871772257,0.141976977144607,-0.101934250838813,0.060962250496892,-0.451817507672438,0.14938415847715
12.6197434252612,0.11414791037426,-0.215138082415784,-0.50700305640929,0.143059184275568,-0.101572337766358,0.061071270559586,-0.451165497555128,0.15023288863415
12.7072632188919,0.112578960929323,-0.214799376205789,-0.506523004931296,0.144145989541634,-0.101209675834931,0.0611787297037486,-0.450506577759049,0.151083012582684
12.7953899752808,0.111013787370409,-0.21444868658949,-0.506033618745524,0.145237324986588,-0.100846281727717,0.0612846268299922,-0.449840701340815,0.151934485524405
12.8841279038047,0.1094525572125,-0.214086064945206,-0.505534799600057,0.146333120785437,-0.100482172006004,0.0613889610912859,-0.449167821443657,0.152787261694523
12.9734812430331,0.107895436995818,-0.213711565492697,-0.505026449616741,0.147433305237293,-0.100117363102961,0.061491731887731,-0.448487891312982,0.153641294351813
13.0634542609305,0.106342592226241,-0.213325245269622,-0.504508471324458,0.148537804758795,-0.0997518713175972,0.061592938861143,-0.447800864312313,0.154496535768789
13.1540512550606,0.10479418731644,-0.212927164106539,-0.503980767692731,0.149646543878071,-0.099385712808893,0.0616925818894474,-0.44710669393964,0.155352937222047
13.2452765527909,0.103250385527769,-0.21251738460048,-0.503443242165652,0.15075944522925,-0.0990189035901341,0.0617906610808929,-0.446405333844153,0.156210448982809
13.3371345115004,0.10171134891295,-0.212095972087131,-0.502895798696126,0.151876429547539,-0.098651459523433,0.0618871767680914,-0.445696737843394,0.157069020307656
13.4296295187868,0.100177238259601,-0.211662994611635,-0.502338341780428,0.152997415664867,-0.0982833963144567,0.0619821295018881,-0.444980859940793,0.157928599429484
13.5227659926764,0.0986482130346206,-0.211218522898055,-0.501770776493066,0.154122320506106,-0.0979147295073609,0.0620755200450719,-0.444257654343619,0.15878913354868
13.6165483818355,0.0971244313294956,-0.210762630317532,-0.501193008521935,0.155251059085886,-0.0975454744799386,0.0621673493659304,-0.443527075481328,0.159650568824536
13.7109811657822,0.0956060498065429,-0.210295392855157,-0.500604944203761,0.156383544505998,-0.0971756464389875,0.0622576186316581,-0.442789078024314,0.160512850366916
13.806068855101,0.0940932236461308,-0.209816889075598,-0.500006490559831,0.157519687953412,-0.0968052604159022,0.0623463292016258,-0.442043616903064,0.161375922228188
13.9018159916578,0.0925861064949097,-0.209327200087521,-0.499397555331988,0.1586593986989,-0.096434331262495,0.0624334826205166,-0.441290647327719,0.162239727395431
13.998227148817,0.0910848504150825,-0.208826409506825,-0.498778047018902,0.159802584096288,-0.09606287364705,0.0625190806113393,-0.440530124808031,0.163104207782933
14.0953069316601,0.089589605834745,-0.208314603418743,-0.498147874912589,0.160949149582341,-0.0956909020506161,0.0626031250683247,-0.439762005173725,0.163969304224997
14.1930599772055,0.0881005214993256,-0.207791870338831,-0.497506949135181,0.162098998677288,-0.0953184307635414,0.0626856180497138,-0.438986244595261,0.16483495646906
14.2914909546299,0.086617744424149,-0.207258301172891,-0.496855180675947,0.163252032985996,-0.0949454738822528,0.0627665617704474,-0.438202799604986,0.165701103169149
14.3906045654914,0.0851414198481517,-0.206713989175869,-0.496192481428527,0.164408152199811,-0.0945720453062861,0.0628459585947629,-0.437411627118692,0.16656768187968
14.4904055439544,0.0836716911887717,-0.206159029909751,-0.495518764228409,0.165567254099055,-0.0941981587355667,0.0629238110287093,-0.436612684457557,0.167434629049622
14.5908986570152,0.0822086999980368,-0.205593521200516,-0.494833942890606,0.166729234556218,-0.0938238276679467,0.0630001217125878,-0.435805929370479,0.168301880017032
14.6920887047298,0.0807525859198696,-0.205017563094167,-0.494137932247547,0.167893987539826,-0.0934490653969986,0.0630748934133269,-0.434991320056792,0.169169369003979
14.7939805204436,0.0793034866486333,-0.204431257811894,-0.493430648187156,0.169061405119007,-0.0930738850100695,0.063148129016801,-0.434168815189368,0.170037029111879
14.8965789710218,0.0778615378889315,-0.203834709704403,-0.492712007691122,0.17023137746877,-0.0926982993865966,0.0632198315201013,-0.433338373938092,0.170904792317243
14.999888957082,0.0764268733166834,-0.203228025205454,-0.491981928873345,0.171403792875993,-0.0923223211966862,0.0632900040237682,-0.432499955993707,0.171772589467859
15.1039154132284,0.0749996245414853,-0.202611312784643,-0.491240331018541,0.17257853774614,-0.0919459628999569,0.0633586497239938,-0.431653521592029,0.172640350279428
15.2086633082875,0.0735799210702762,-0.201984682899475,-0.490487134621008,0.17375549661071,-0.0915692367446486,0.0634257719048039,-0.430799031538517,0.173508003332657
15.3141376455451,0.0721678902723159,-0.201348247946776,-0.489722261423534,0.174934552135433,-0.0911921547669973,0.0634913739302285,-0.429936447233199,0.174375476070835
15.4203434629857,0.0707636573454898,-0.200702122213464,-0.488945634456435,0.176115585129217,-0.0908147287908767,0.0635554592364702,-0.429065730695945,0.175242694797905
15.5272858335329,0.0693673452839468,-0.200046421826745,-0.48815717807672,0.17729847455386,-0.0904369704277057,0.0636180313240784,-0.428186844592074,0.17610958467704
15.6349698652918,0.0679790748470803,-0.199381264703756,-0.487356818007357,0.178483097534535,-0.0900588910766222,0.0636790937501407,-0.427299752258297,0.176976069729742
15.7434007017931,0.0665989645298576,-0.198706770500712,-0.486544481376644,0.179669329371051,-0.0896805019249223,0.0637386501204984,-0.426404417728976,0.177842072835489
15.8525835222385,0.0652271305345034,-0.198023060561585,-0.485720096757658,0.180857043549918,-0.0893018139487639,0.0637967040819957,-0.425500805762698,0.178707515731925
15.9625235417481,0.0638636867435391,-0.197330257866362,-0.484883594207781,0.182046111757199,-0.088922837914133,0.0638532593147732,-0.424588881869155,0.179572319015625
16.07322601161,0.0625087446941839,-0.196628486978921,-0.484034905308279,0.183236403892184,-0.0885435843780723,0.0639083195246122,-0.423668612336309,0.180436402143446
16.1846962195303,0.0611624135541146,-0.195917873994575,-0.483173963203929,0.184427788081876,-0.0881640636901686,0.0639618884353403,-0.422739964257843,0.181299683434468
16.2969394898867,0.0598248000985858,-0.195198546487302,-0.482300702642674,0.18562013069631,-0.0877842859942979,0.0640139697813073,-0.421802905560883,0.182162080072556
16.4099611839816,0.0584960086889082,-0.194470633456726,-0.481415060015297,0.18681329636471,-0.0874042612306256,0.0640645672999391,-0.420857405033974,0.183023508109549
16.5237667002994,0.0571761412522822,-0.193734265274867,-0.480516973395088,0.188007147992492,-0.0870239991378578,0.0641136847243787,-0.419903432355304,0.183883882469086
16.6383614747635,0.0558652972629825,-0.192989573632715,-0.479606382577511,0.18920154677913,-0.0866435092557425,0.0641613257762236,-0.418940958121158,0.184743116951092
16.7537509809962,0.0545635737248873,-0.192236691486659,-0.478683229119818,0.190396352236875,-0.0862628009278156,0.0642074941583667,-0.417969953874592,0.185601124236938
16.8699407305804,0.0532710651553475,-0.1914757530048,-0.47774745638064,0.191591422210362,-0.0858818833043887,0.0642521935479503,-0.416990392134311,0.186457815895276
16.9869362733223,0.0519878635703853,-0.190706893513204,-0.476799009559497,0.192786612897092,-0.0855007653457743,0.0642954275894405,-0.416002246423736,0.187313102388581
17.1047431975172,0.050714058471216,-0.18993024944212,-0.475837835736231,0.193981778868809,-0.0851194558257453,0.0643371998878305,-0.415005491300237,0.188166893080399
17.2233671302159,0.0494497368320815,-0.189145958272191,-0.474863883910344,0.195176773093775,-0.0847379633352223,0.0643775140019803,-0.414000102384539,0.189019096243319
17.3428137374936,0.0481949830893842,-0.188354158480715,-0.473877105040216,0.196371446959954,-0.0843562962861854,0.064416373438101,-0.41298605639025,0.189869619067687
17.4630887247206,0.0469498791321112,-0.187554989487965,-0.47287745208218,0.197565650299112,-0.0839744629158055,0.0644537816433907,-0.411963331153527,0.190718367671063
17.5841978368348,0.0457145042935336,-0.186748591603621,-0.471864880029455,0.198759231411839,-0.0835924712907875,0.0644897419998302,-0.410931905662838,0.191565247108441
17.7061468586161,0.0444889353441681,-0.185935105973341,-0.470839345950888,0.199952037093506,-0.0832103293119238,0.0645242578181444,-0.409891760088812,0.192410161383248
17.8289416149627,0.043273246485987,-0.18511467452549,-0.46980080902951,0.201143912661151,-0.0828280447188483,0.0645573323319376,-0.408842875814164,0.193253013459119
17.9525879711692,0.0420675093478591,-0.184287439918084,-0.468749230600874,0.202334701981321,-0.0824456250949868,0.064588968692009,-0.407785235463654,0.194093705272471
18.0770918332073,0.0408717929822074,-0.183453545485954,-0.467684574191144,0.203524247498853,-0.0820630778726978,0.0646191699608543,-0.406718822934089,0.194932137745886
18.2024591480069,0.0396861638628644,-0.182613135188175,-0.46660680555494,0.204712390266621,-0.0816804103385964,0.0646479391073612,-0.405643623424318,0.195768210802307
18.3286959037413,0.0385106858841095,-0.181766353555778,-0.465515892712883,0.205898969976237,-0.0812976296390542,0.0646752790017036,-0.404559623465222,0.196601823380053
18.4558081301122,0.0373454203608674,-0.180913345639784,-0.464411805988845,0.207083824989728,-0.0809147427858698,0.0647011924104406,-0.403466810949664,0.197432873448683
18.5838018986386,0.036190426030052,-0.180054256959579,-0.463294518046863,0.208266792372175,-0.0805317566621015,0.0647256819918268,-0.402365175162381,0.198261258025689
18.7126833229461,0.0350457590530314,-0.179189233451651,-0.462164003927698,0.209447707925335,-0.0801486780280546,0.0647487502913381,-0.40125470680979,0.199086873194044
18.8424585590593,0.0339114730192002,-0.178318421418728,-0.46102024108502,0.210626406222237,-0.0797655135274178,0.0647703997374188,-0.400135398049695,0.199909614120614
18.9731338056957,0.0327876189506319,-0.177441967479325,-0.459863209421182,0.211802720642768,-0.079382269693539,0.0647906326374552,-0.399007242520862,0.20072937507542
19.1047153045619,0.0316742453077956,-0.17656001851774,-0.458692891322571,0.21297648341023,-0.0789989529558329,0.0648094511739786,-0.397870235372438,0.20154604945179
19.2372093406515,0.0305713979963122,-0.175672721634499,-0.457509271694491,0.214147525628899,-0.0786155696463143,0.0648268574011052,-0.396724373293193,0.202359529787366
19.3706222425457,0.0294791203747303,-0.174780224097298,-0.456312337995578,0.215315677322563,-0.0782321260062467,0.064842853241213,-0.395569654540561,0.20316970778601
19.5049603827152,0.0283974532632991,-0.17388267329243,-0.455102080271692,0.216480767474044,-0.0778486281928994,0.064857440481863,-0.394406078969442,0.203976474340579
19.6402301778248,0.0273264349537151,-0.172980216676753,-0.453878491189274,0.217642624065717,-0.077465082286404,0.0648706207729661,-0.393233648060758,0.204779719556599
19.7764380890397,0.0262661012198218,-0.172073001730181,-0.452641566068142,0.218801074121013,-0.0770814942967028,0.0648823956241997,-0.392052364949721,0.205579332776823
19.9135906223344,0.0252164853292375,-0.17116117590874,-0.451391302913685,0.219955943746898,-0.0766978701705793,0.0648927664026767,-0.390862234453789,0.206375202606681
20.0516943288031,0.0241776180558903,-0.170244886598199,-0.450127702448436,0.221107058177349,-0.0763142157987629,0.0649017343308696,-0.389663263100288,0.207167216940625
20.1907558049731,0.0231495276934348,-0.169324281068287,-0.448850768142993,0.222254241817793,-0.0759305370230992,0.0649093004847923,-0.388455459153668,0.207955262989362
20.3307816931193,0.0221322400695303,-0.16839950642751,-0.447560506246254,0.223397318290534,-0.0755468396437766,0.0649154657924409,-0.387238832642365,0.208739227307983
20.4717786815819,0.0211257785609546,-0.167470709578591,-0.446256925814941,0.224536110481142,-0.0751631294266008,0.0649202310324965,-0.386013395385243,0.209518995824979
20.6137535050858,0.0201301641095309,-0.166538037174538,-0.444940038742379,0.225670440585804,-0.0747794121103076,0.0649235968332897,-0.384779161017579,0.210294453872145
20.756712945062,0.0191454152388458,-0.165601635575352,-0.443609859786501,0.226800130159634,-0.0743956934139056,0.06492556367203,-0.383536145016583,0.211065486215366
20.900663829972,0.0181715480717337,-0.164661650805391,-0.442266406597051,0.227925000165931,-0.0740119790440404,0.0649261318742991,-0.382284364726393,0.211831977086284
21.0456130356336,0.0172085763485046,-0.16371822851139,-0.440909699741943,0.229044871026374,-0.0736282747023694,0.0649253016138095,-0.381023839382547,0.212593810214838
21.1915674855492,0.0162565114458926,-0.162771513921169,-0.439539762732758,0.230159562672145,-0.0732445860929399,0.0649230729124291,-0.379754590135875,0.213350868862667
21.338534151237,0.015315362396703,-0.161821651803,-0.438156622049344,0.231268894595972,-0.0728609189295611,0.0649194456404703,-0.378476640075811,0.214103035857381
21.4865200525637,0.0143851359101331,-0.160868786425687,-0.436760307163474,0.232372685905075,-0.0724772789431606,0.0649144195172448,-0.377190014253063,0.214850193627675
21.6355322580795,0.0134658363927459,-0.159913061519325,-0.435350850561553,0.233470755375007,-0.0720936718891159,0.0649079941118824,-0.375894739701636,0.215592224239287
21.7855778853565,0.0125574659700738,-0.15895462023677,-0.433928287766323,0.234562921504366,-0.0717101035545539,0.064900168844413,-0.374590845460173,0.216329009431791
21.9366641013278,0.0116600245088296,-0.157993605115819,-0.432492657357543,0.235649002570372,-0.0713265797656067,0.0648909429871106,-0.37327836259257,0.217060430656203
22.0887981226306,0.0107735096397035,-0.157030158042096,-0.431044000991614,0.236728816685293,-0.0709431063946174,0.0648803156660982,-0.371957324207864,0.2177863691134
22.2419872159503,0.00989791678072338,-0.156064420212668,-0.429582363420106,0.237802181853694,-0.0705596893672851,0.0648682858632105,-0.370627765479329,0.218506705793327
22.396238698368,0.00903323916115874,-0.155096532100373,-0.42810779250717,0.238868916030489,-0.0701763346697416,0.0648548524181133,-0.369289723662784,0.219221321514989
22.5515599377096,0.00817946784594487,-0.154126633418881,-0.426620339245793,0.239928837179787,-0.0697930483555504,0.0648400140306767,-0.367943238114062,0.219930096967198
22.7079583528983,0.00733659176060814,-0.153154863088475,-0.425120057772872,0.240981763334502,-0.06940983655262,0.0648237692635996,-0.366588350305619,0.220632912750071
22.8654414143084,0.00650459771667094,-0.152181359202575,-0.423607005383068,0.242027512656706,-0.0690267054700219,0.0648061165452817,-0.365225103842258,0.221329649417259
23.0240166441225,0.00568347043751655,-0.15120625899498,-0.422081242541415,0.243065903498696,-0.0686436614047065,0.0647870541729401,-0.363853544475931,0.222020187518872
23.1836916166905,0.00487319258469347,-0.150229698807851,-0.420542832894656,0.24409675446476,-0.0682607107481074,0.0647665803159679,-0.362473720119597,0.222704407645108
23.3444739588916,0.00407374478464043,-0.149251814060428,-0.418991843281263,0.245119884473607,-0.0678778599926261,0.0647446930195283,-0.361085680860107,0.223382190470539
23.5063713504986,0.00328510565581254,-0.148272739218475,-0.417428343740135,0.246135112821435,-0.0674951157379899,0.0647213902083828,-0.359689478970094,0.224053416799044
23.6693915245447,0.0025072518361891,-0.147292607764465,-0.415852407517919,0.247142259245611,-0.0671124846974738,0.0646966696909473,-0.358285168918827,0.224717967609368
23.8335422676926,0.00174015801114615,-0.146311552168493,-0.414264111074939,0.248141143988925,-0.0667299737039799,0.0646705291635718,-0.35687280738202,0.22537572410127
23.9988314206069,0.000983796941674199,-0.14532970385992,-0.412663534089714,0.249131587864401,-0.0663475897159665,0.0646429662150393,-0.355452453250563,0.226026567742249
24.1652668783283,0.000238139492923908,-0.144347193199753,-0.411050759462014,0.250113412320612,-0.0659653398232184,0.0646139783312774,-0.354024167638142,0.22667038031481
24.3328565906507,-0.000496845336936891,-0.143364149453745,-0.409425873314451,0.25108643950748,-0.0655832312524532,0.0645835629002781,-0.352588013887743,0.22730704396425
24.5016085625011,-0.00122119038757317,-0.142380700766228,-0.407788964992567,0.252050492342526,-0.0652012713727547,0.0645517172172203,-0.351144057576996,0.227936441246933
24.6715308543219,-0.0019349303070549,-0.141396974134666,-0.406140127063398,0.25300539457752,-0.0648194677008277,0.0645184384897878,-0.349692366522353,0.228558455179016
24.8426315824557,-0.00263810152216864,-0.140413095384928,-0.404479455312486,0.253950970865511,-0.0644378279060673,0.0644837238436777,-0.348233010782062,0.229172969285615
25.0149189195333,-0.00333074220848367,-0.139429189147281,-0.402807048739326,0.254887046828177,-0.064056359815436,0.0644475703282921,-0.346766062657932,0.229779867650351
25.1884010948637,-0.00401289226018884,-0.138445378833098,-0.401123009551214,0.255813449123485,-0.0636750714181435,0.0644099749226069,-0.345291596695858,0.230379034965276
25.3630863948277,-0.00468459325971445,-0.137461786612274,-0.399427443155485,0.256730005513581,-0.0632939708701211,0.064370934541211,-0.34380968968509,0.230970356581116
25.538983163273,-0.0053458884471545,-0.136478533391354,-0.397720458150117,0.257636544932909,-0.0629130664982881,0.0643304460405077,-0.342320420656227,0.231553718557814
25.7160998019135,-0.00599682268950331,-0.135495738792358,-0.396002166312681,0.258532897556481,-0.0625323668046018,0.0642885062250727,-0.340823870877918,0.23212900771533
25.89444477073,-0.00663744244972074,-0.134513521132315,-0.394272682587623,0.259418894868274,-0.0621518804698875,0.0642451118541594,-0.339320123852258,0.232696111684671
26.0740265883745,-0.00726779575563966,-0.133531997403484,-0.392532125071867,0.260294369729704,-0.0617716163574433,0.0642002596483463,-0.337809265308858,0.233254918959096
26.2548538325773,-0.00788793216872919,-0.132551283254269,-0.390780614998702,0.261159156448128,-0.0613915835164148,0.064153946296316,-0.336291383197577,0.23380531894548
26.4369351405564,-0.00849790275272597,-0.131571492970825,-0.389018276719979,0.262013090845328,-0.0610117911849357,0.0641061684617599,-0.334766567679905,0.234347202015781
26.6202792094301,-0.00909776004214722,-0.130592739459337,-0.387245237686565,0.262856010325933,-0.0606322487930293,0.0640569227903993,-0.333234911118983,0.234880459558581
26.8048947966327,-0.00968755801069766,-0.12961513422899,-0.385461628427071,0.263687753945723,-0.0602529659652681,0.064006205917116,-0.331696508068253,0.235404984030653
26.9907907203326,-0.0102673520395812,-0.128638787375598,-0.383667582524836,0.264508162479771,-0.0598739525231871,0.0639540144731822,-0.330151455258717,0.235920669008523
27.1779758598533,-0.0108371988857319,-0.127663807565911,-0.381863236593157,0.265317078490372,-0.0594952184874486,0.0639003450935826,-0.328599851584821,0.236427409239978
27.3664591560979,-0.0113971566499722,-0.126690302022581,-0.380048730248765,0.266114346394706,-0.0591167740797534,0.0638451944244204,-0.327041798088929,0.23692510069548
27.556249611976,-0.011947284745113,-0.12571837650979,-0.378224206083544,0.266899812532187,-0.0587386297244989,0.0637885591303964,-0.325477397944402,0.237413640619444
27.7473562928336,-0.0124876438640041,-0.12474813531953,-0.37638980963448,0.267673325231437,-0.0583607960501782,0.0637304359023553,-0.323906756437274,0.237892927581342
27.9397883268864,-0.0130182959475474,-0.123779681258529,-0.374545689351854,0.26843473487685,-0.0579832838905212,0.0636708214648882,-0.322329980946514,0.238362861526582
28.1335549056553,-0.0135393041526825,-0.122813115635828,-0.372691996565673,0.26918389397467,-0.057606104285374,0.0636097125839831,-0.320747180922884,0.238823343827122
28.3286652844062,-0.0140507328203549,-0.12184853825099,-0.370828885450337,0.269920657218551,-0.0572292684813156,0.0635471060747145,-0.31915846786639,0.239274277331781
28.5251287825912,-0.0145526474434778,-0.120886047382947,-0.36895651298756,0.27064488155453,-0.0568527879320114,0.0634829988089632,-0.317563955302325,0.239715566416187
28.7229547842946,-0.0150451146348964,-0.119925739779479,-0.367075038927535,0.271356426245372,-0.0564766742983022,0.0634173877231567,-0.315963758755909,0.240147117032344
28.9221527386804,-0.0155282020953643,-0.118967710647308,-0.365184625748374,0.272055152934216,-0.0561009394480275,0.0633502698260214,-0.314357995725536,0.240568836757744
29.1227321604441,-0.0160019785815431,-0.118012053642819,-0.363285438613805,0.272740925707492,-0.0557255954555843,0.0632816422063383,-0.312746785654629,0.240980634844003
29.324702630267,-0.0164665138740321,-0.117058860863398,-0.361377645329164,0.273413611157026,-0.0553506546012212,0.0632115020406912,-0.311130249902109,0.241382422264963
29.5280737952738,-0.0169218787454392,-0.116108222839366,-0.359461416295684,0.274073078441308,-0.0549761293700668,0.0631398466012007,-0.309508511711503,0.241774111764226
29.7328553694936,-0.017368144928501,-0.115160228526536,-0.357536924463095,0.274719199345847,-0.0546020324508954,0.0630666732632328,-0.307881696178677,0.242155617902067
29.9390571343235,-0.0178053850842618,-0.114214965299351,-0.355604345280564,0.275351848342567,-0.0542283767346292,0.0629919795130745,-0.306249930218231,0.242526857101681
30.1466889389963,-0.018233672770319,-0.113272518944633,-0.353663856645981,0.275970902648201,-0.0538551753125801,0.0629157629555673,-0.304613342528561,0.242887747694739
30.3557607010504,-0.0186530824091451,-0.112332973655911,-0.351715638853627,0.276576242281609,-0.0534824414744311,0.062838021321688,-0.302972063555597,0.24323820996618
30.566282406804,-0.019063689256493,-0.111396412028336,-0.349759874540238,0.277167750119987,-0.0531101887059604,0.0627587524760714,-0.301326225455251,0.24357816619822
30.7782641118319,-0.0194655693698951,-0.110462915054182,-0.347796748629492,0.277745311953902,-0.052738430686511,0.0626779544244622,-0.299675962054575,0.243907540713529
30.9917159414457,-0.0198587995772624,-0.109532562118912,-0.345826448274959,0.278308816541111,-0.0523671812862069,0.06259562532109,-0.298021408811667,0.244226259917523
31.2066480911777,-0.0202434574455936,-0.108605430997827,-0.34384916280152,0.278858155659108,-0.0519964545629202,0.0625117634759586,-0.296362702774341,0.244534252339749
31.4230708272674,-0.020619621249801,-0.107681597853265,-0.34186508364531,0.279393224156348,-0.0516262647589922,0.0624263673620398,-0.294699982537577,0.244831448674304
31.6409944871527,-0.0209873699416622,-0.106761137232378,-0.33987440429221,0.279913920002102,-0.0512566262977111,0.062339435622365,-0.29303338819979,0.245117781819261
31.8604294799627,-0.0213467831189054,-0.105844122065448,-0.337877320214913,0.280420144334899,-0.0508875537795515,0.0622509670770053,-0.291363061317935,0.245393186915049
32.0813862870155,-0.0216979409944356,-0.104930623664765,-0.335874028808622,0.2809118015095,-0.0505190619781789,0.0621609607299327,-0.289689144861484,0.245657601381766
32.3038754623189,-0.0220409243657106,-0.104020711724048,-0.333864729325398,0.281388799142356,-0.0501511658362238,0.0620694157757541,-0.288011783165292,0.245910964955372
32.5279076330741,-0.022375814584274,-0.103114454318403,-0.331849622807214,0.281851048155521,-0.0497838804608307,0.0619763316063108,-0.286331121881404,0.246153219722729
32.7534935001834,-0.022702693525453,-0.102211917904823,-0.329828912017747,0.282298462818957,-0.0494172211189853,0.061881707817136,-0.284647307929813,0.246384310155459
32.9806438387618,-0.0230216435582293,-0.101313167323212,-0.327802801372965,0.282730960791203,-0.049051203232628,0.0617855442137619,-0.282960489448218,0.246604183142577
33.2093694986511,-0.0233327475152901,-0.100418265797943,-0.325771496870533,0.28314846315836,-0.0486858423735556,0.0616878408178712,-0.281270815740811,0.246812788021864
33.4396814049384,-0.0236360886632675,-0.0995272749399282,-0.323735206018111,0.283550894471352,-0.0483211542581201,0.0615885978732848,-0.279578437226137,0.247010076609961
33.6715905584778,-0.0239317506731731,-0.0986402547492093,-0.321694137760573,0.283938182781435,-0.0479571547417286,0.0614878158517782,-0.277883505384046,0.247196003231135
33.9051080364161,-0.0242198175910369,-0.0977572636180583,-0.319648502406207,0.284310259673898,-0.047593859813151,0.0613854954587229,-0.276186172701806,0.247370524744698
34.1402449927217,-0.0245003738087562,-0.0968783583345805,-0.317598511551944,0.284667060299946,-0.0472312855886423,0.0612816376385431,-0.274486592619384,0.247533600571048
34.3770126587175,-0.0247735040351639,-0.0960035940868195,-0.315544378007673,0.285008523406709,-0.0468694483058855,0.0611762435799849,-0.272784919473965,0.247685192716303
34.6154223436172,-0.025039293267322,-0.095133024467354,-0.31348631571969,0.285334591365367,-0.0465083643177626,0.0610693147211895,-0.271081308443726,0.2478252657955
34.8554854350656,-0.0252978267620491,-0.0942667014783848,-0.311424539693344,0.285645210197337,-0.0461480500859594,0.0609608527545673,-0.269375915490933,0.247953787054342
35.0972133996824,-0.0255491900076891,-0.0934046755373035,-0.309359265914925,0.285940329598522,-0.0457885221744135,0.0608508596314659,-0.267668897304387,0.248070726389459
35.3406177836102,-0.025793468696127,-0.0925469954827387,-0.30729071127287,0.286219902961574,-0.0454297972426101,0.0607393375666277,-0.265960411241264,0.248176056367177
35.5857102130658,-0.0260307486950624,-0.0916937085810735,-0.305219093478327,0.286483887396158,-0.0450718920387357,0.0606262890424332,-0.26425061526841,0.248269752240748
35.8325023948954,-0.0262611160205442,-0.090844860533427,-0.303144630985148,0.286732243747196,-0.044714823392695,0.0605117168129242,-0.262539667903125,0.248351791966062
36.081006117134,-0.0264846568097766,-0.0900004954830967,-0.301067542909368,0.286964936611064,-0.0443586082090015,0.0603956239076033,-0.260827728153483,0.248422156215781
36.3312332495683,-0.0267014572942027,-0.0891606560234524,-0.29898804894823,0.287181934349735,-0.0440032634595466,0.0602780136350073,-0.25911495545824,0.248480828391914
36.5831957443038,-0.0269116037728725,-0.0883253832062773,-0.296906369298825,0.287383209102842,-0.0436488061762578,0.060158889586048,-0.257401509626386,0.2485277946368
36.8369056363357,-0.0271151825861024,-0.0874947165505482,-0.294822724576393,0.287568736797652,-0.0432952534436525,0.0600382556371206,-0.255687550776364,0.248563043842496
37.0923750441235,-0.027312280089435,-0.0866686940516512,-0.29273733573237,0.287738497156951,-0.0429426223912973,0.0599161159529742,-0.253973239275042,0.248586567658556
37.3496161701702,-0.0275029826279029,-0.0858473521910217,-0.290650423972233,0.287892473704803,-0.0425909301861787,0.0597924749893432,-0.252258735676456,0.248598360498193
37.6086413016048,-0.0276873765106068,-0.085030725946206,-0.288562210673198,0.288030653770214,-0.042240194024996,0.0596673374953362,-0.250544200660389,0.24859841954282
37.8694628107695,-0.0278655479856128,-0.0842188488013351,-0.286472917301853,0.288153028488658,-0.0418904311263833,0.0595407085155825,-0.248829794970841,0.248586744744962
38.1320931558105,-0.0280375832151755,-0.0834117527580037,-0.28438276533178,0.288259592801498,-0.0415416587230694,0.0594125933921314,-0.247115679354419,0.248563338829537
38.3965448812729,-0.0282035682512949,-0.0826094683465484,-0.282291976161234,0.288350345453275,-0.0411938940539845,0.0592829977661061,-0.245402014498725,0.248528207293508
38.6628306187004,-0.0283635890116122,-0.0818120246377163,-0.280200771030933,0.28842528898688,-0.040847154356322,0.0591519275791087,-0.243688960970773,0.248481358403898
38.9309630872381,-0.0285177312556525,-0.0810194492547164,-0.278109370942047,0.288484429736617,-0.0405014568575633,0.0590193890743775,-0.241976679155492,0.24842280319418
39.2009550942403,-0.0286660805614185,-0.0802317683856474,-0.276017996574417,0.288527777819152,-0.0401568187674752,0.0588853887976942,-0.240265329194362,0.24835255545904
39.4728195358824,-0.0288087223023438,-0.0794490067962921,-0.2739268682051,0.288555347122365,-0.0398132572700876,0.0587499335980433,-0.238555070924244,0.248270631747521
39.7465693977764,-0.0289457416246102,-0.0786711878432718,-0.271836205627282,0.28856715529212,-0.0394707895156598,0.0586130306280213,-0.236846063816434,0.248177051354557
40.0222177555915,-0.0290772234248358,-0.0778983334875516,-0.26974622806963,0.288563223716954,-0.0391294326126454,0.0584746873439981,-0.235138466916015,0.248071836310896
40.2997777756789,-0.0292032523281393,-0.0771304643082881,-0.267657154116145,0.288543577510715,-0.038789203619661,0.0583349115060308,-0.233432438781529,0.247955011371445
40.5792627157,-0.0293239126665856,-0.0763675995170125,-0.265569201626577,0.288508245493152,-0.0384501195374713,0.0581937111775306,-0.231728137425043,0.247826604002022
40.8606859252603,-0.02943928845802,-0.0756097569721381,-0.263482587657459,0.288457260168494,-0.0381121973009941,0.0580510947246847,-0.230025720252643,0.247686644364553
41.1440608465467,-0.0295494633852939,-0.0748569531937848,-0.261397528383836,0.288390657702022,-0.0377754537713378,0.0579070708156349,-0.228325344005399,0.247535165300718
41.4294010149697,-0.0296545207758888,-0.0741092033789119,-0.25931423902172,0.288308477894675,-0.0374399057278758,0.0577616484194146,-0.226627164700867,0.247372202314062
41.7167200598098,-0.029754543581943,-0.0733665214167487,-0.257232933751361,0.288210764155703,-0.037105569860368,0.0576148368046463,-0.224931337575152,0.2471977935506
42.0060317048688,-0.029849614360686,-0.072628919904515,-0.255153825641367,0.288097563473405,-0.0367724627611361,0.0574666455380024,-0.223238017025591,0.24701197977793
42.2973497691249,-0.0299398152552842,-0.0718964101634218,-0.253077126573746,0.287968926383968,-0.0364406009173013,0.0573170844824329,-0.221547356554094,0.246814804362873
42.5906881673929,-0.0300252279761037,-0.0711690022549415,-0.25100304716991,0.287824906938464,-0.0361100007030903,0.0571661637951606,-0.219859508711199,0.246606313247674
42.8860609109892,-0.0301059337823934,-0.0704467049973402,-0.24893179671771,0.287665562668006,-0.0357806783722189,0.0570138939254504,-0.218174625040857,0.246386554924784
43.1834821084004,-0.0301820134643922,-0.0697295259824603,-0.246863583099543,0.287490954547132,-0.0354526500503596,0.0568602856121535,-0.216492856026018,0.246155580410241
43.4829659659579,-0.030253547325865,-0.0690174715927448,-0.244798612721588,0.287301146955425,-0.0351259317276989,0.0567053498810315,-0.214814351035043,0.245913443215701
43.7845267885158,-0.0303206151670693,-0.0683105470184922,-0.242737090444218,0.287096207637428,-0.0348005392515945,0.0565490980418648,-0.213139258268978,0.245660199319118
44.0881789801347,-0.0303832962681578,-0.0676087562753341,-0.24067921951364,0.286876207660888,-0.0344764883193351,0.0563915416853484,-0.211467724709743,0.245395907134132
44.3939370447695,-0.0304416693730175,-0.0669121022219225,-0.238625201494804,0.286641221373368,-0.0341537944710126,0.0562326926797807,-0.209799896069256,0.245120627478178
44.701815586962,-0.0304958126735505,-0.0662205865778185,-0.236575236205627,0.286391326357273,-0.0338324730825107,0.0560725631675494,-0.208135916739539,0.244834423539357
45.0118293125388,-0.030545803794397,-0.0655342099415721,-0.234529521652585,0.286126603383339,-0.033512539358618,0.055911165561419,-0.206475929743838,0.244537360842105
45.3239930293136,-0.0305917197781043,-0.0648529718089819,-0.232488253967697,0.285847136362623,-0.0331940083262694,0.055748512540626,-0.204820076688786,0.244229507211684
45.6383216477945,-0.0306336370707418,-0.0641768705915245,-0.230451627346958,0.285553012297053,-0.0328768948279228,0.0555846170467862,-0.20316849771765,0.243910932737548
45.954830181896,-0.0306716315079666,-0.0635059036349435,-0.228419833990247,0.285244321228568,-0.032561213515077,0.0554194922796196,-0.201521331464674,0.243581709735604
46.2735337496566,-0.0307057783015381,-0.0628400672379878,-0.226393064042753,0.284921156186925,-0.0322469788419342,0.0552531516924989,-0.199878715010573,0.243241912709424
46.5944475739604,-0.0307361520262848,-0.0621793566712878,-0.224371505537952,0.284583613136195,-0.0319342050592136,0.0550856089878269,-0.198240783839182,0.242891618310424
46.9175869832646,-0.0307628266075236,-0.0615237661963592,-0.222355344342163,0.28423179092002,-0.0316229062081206,0.0549168781122488,-0.196607671795299,0.242530905297076
47.2429674123316,-0.0307858753089321,-0.0608732890847253,-0.220344764100718,0.283865791205678,-0.0313130961144755,0.0547469732517053,-0.194979511043741,0.242159854493169
47.5706044029659,-0.0308053707208742,-0.0602279176371446,-0.21833994618578,0.283485718427001,-0.0310047883830067,0.0545759088263327,-0.19335643202964,0.241778548745178
47.9005136047569,-0.0308213847491795,-0.0595876432029351,-0.216341069645816,0.28309167972622,-0.0306979963918117,0.0544036994852163,-0.191738563439994,0.241387072878773
48.2327107758263,-0.030833988604376,-0.0589524561993849,-0.214348311156773,0.282683784894764,-0.0303927332869905,0.0542303601010032,-0.190126032166501,0.240985513654509
48.5672117835806,-0.0308432527913758,-0.058322346131237,-0.212361844974968,0.282262146313097,-0.0300890119774539,0.0540559057643811,-0.188518963269692,0.240573959722746
48.904032605469,-0.0308492470996129,-0.0576973016102389,-0.210381842891708,0.28182687888963,-0.029786845129911,0.0538803517784291,-0.186917479944369,0.240152501577841
49.243189329747,-0.0308520405936319,-0.0570773103747466,-0.20840847418967,0.281378099998765,-0.0294862451640384,0.0537037136528478,-0.185321703486382,0.239721231511646
49.5846981562442,-0.030851701604127,-0.0564623593093726,-0.206441905601046,0.280915929418139,-0.0291872242478332,0.0535260070980748,-0.183731753260744,0.239280243566365
49.9285753971387,-0.0308482977194291,-0.0558524344646668,-0.20448230126748,0.280440489265119,-0.0288897942931541,0.0533472480192922,-0.182147746671101,0.238829633486815
50.2748374777359,-0.0308418957774393,-0.0552475210768212,-0.202529822701797,0.279951903932595,-0.0285939669514507,0.0531674525103332,-0.18056979913057,0.238369498672123
50.6235009372529,-0.0308325618580071,-0.0546476035873874,-0.20058462875154,0.279450300024141,-0.0282997536096844,0.0529866368474938,-0.178998024033946,0.237899938126912
50.974582429609,-0.03082036127575,-0.0540526656629972,-0.19864687556433,0.278935806288603,-0.028007165386443,0.052804817483257,-0.1774325327313,0.237421052412024
51.3280987242209,-0.0308053585733133,-0.053462690215076,-0.196716716555036,0.278408553554152,-0.0277162131282481,0.0526220110399363,-0.175873434502951,0.236932943594809
51.6840667068035,-0.0307876175150658,-0.0528776594195399,-0.194794302374791,0.277868674661881,-0.02742690740606,0.0524382343032441,-0.174320836535845,0.236435715199036
52.0425033801768,-0.030767201081229,-0.0522975547364656,-0.192879780881819,0.277316304398987,-0.0271392585119784,0.0522535042157936,-0.172774843901317,0.23592947215447
52.4034258650778,-0.0307441714624367,-0.0517223569297247,-0.190973297114104,0.276751579431602,-0.0268532764561404,0.0520678378705386,-0.171235559534254,0.235414320746144
52.7668514009784,-0.0307185900547207,-0.0511520460865715,-0.18907499326389,0.276174638237324,-0.0265689709638172,0.05188125250416,-0.169703084213657,0.234890368563391
53.1327973469088,-0.0306905174549187,-0.0505866016371771,-0.187185008653998,0.275585621037509,-0.0262863514727084,0.0516937654904044,-0.168177516544588,0.234357724448659
53.5012811822866,-0.0306600134565014,-0.0500260023740977,-0.185303479715972,0.274984669729376,-0.0260054271304355,0.0515053943333816,-0.16665895294152,0.23381649844616
53.8723205077517,-0.0306271370458129,-0.0494702264716709,-0.183430539970039,0.274371927817969,-0.0257262067922322,0.0513161566608275,-0.165147487613064,0.233266801750396
54.2459330460073,-0.0305919463987211,-0.0489192515053294,-0.181566320006874,0.273747540348053,-0.0254486990188343,0.0511260702173393,-0.163643212548083,0.232708746654602
54.6221366426659,-0.0305544988776733,-0.0483730544708238,-0.179710947471161,0.273111653835977,-0.0251729120745649,0.0509351528575888,-0.162146217503182,0.232142446499143
55.0009492671021,-0.0305148510291504,-0.0478316118033462,-0.177864547046939,0.272464416201558,-0.0248988539256173,0.0507434225395201,-0.160656589991555,0.231568015619912
55.3823890133107,-0.030473058581517,-0.0472948993965461,-0.176027240444721,0.27180597670005,-0.0246265322385325,0.0505508973175386,-0.159174415273198,0.230985569296764
55.7664741007712,-0.0304291764432606,-0.0467628926214305,-0.174199146390364,0.271136485854238,-0.0243559543788707,0.0503575953356966,-0.157699776346463,0.230395223702025
56.1532228753178,-0.0303832587016137,-0.0462355663451405,-0.172380380615684,0.270456095386699,-0.0240871274100763,0.0501635348208823,-0.156232753940942,0.229797095849122
56.5426538100157,-0.030335358621555,-0.0457128949495959,-0.170571055850789,0.269764958152308,-0.0238200580925321,0.0499687340760168,-0.154773426511678,0.229191303541354
56.9347855060436,-0.0302855286451819,-0.045194852350001,-0.168771281818112,0.269063228070999,-0.0235547528828046,0.0497732114732672,-0.153321870234676,0.228577965320866
57.3296366935823,-0.0302338203914499,-0.044681412013204,-0.166981165228131,0.268351060060852,-0.0232912179330751,0.0495769854472787,-0.151878159003705,0.227957200417837
57.7272262327089,-0.0301802846562711,-0.0441725469759036,-0.165200809776738,0.26762860997155,-0.0230294590907565,0.0493800744884334,-0.150442364428377,0.227329128699938
58.1275731142982,-0.0301249714129664,-0.0436682298626936,-0.163430316144254,0.266896034518239,-0.0227694818982919,0.0491824971361405,-0.149014555833477,0.226693870622075
58.5306964609293,-0.0300679298130652,-0.0431684329039424,-0.161669781996045,0.266153491215843,-0.0225112915931347,0.0489842719721625,-0.147594800259535,0.226051547176472
58.9366155277994,-0.0300092081874445,-0.0426731279534976,-0.159919301984724,0.265401138313872,-0.0222548931079045,0.0487854176139843,-0.146183162464615,0.225402279843106
59.3453497036433,-0.0299488540478025,-0.0421822865062116,-0.158178967753915,0.26463913473177,-0.0220002910707192,0.048585952708228,-0.144779704927296,0.224746190540539
59.7569185116595,-0.0298869140884585,-0.0416958797152811,-0.156448867943542,0.263867639994831,-0.0217474898056978,0.0483858959241201,-0.143384487850843,0.224083401577176
60.1713416104428,-0.0298234341884725,-0.0412138784093959,-0.154729088196614,0.263086814170736,-0.0214964933336325,0.0481852659470152,-0.14199756916852,0.223414035602968
60.5886387949234,-0.0297584594140776,-0.04073625310969,-0.153019711167489,0.262296817806732,-0.0212473053728256,0.0479840814719799,-0.14061900455004,0.222738215561606
61.0088299973121,-0.0296920340214183,-0.0402629740464906,-0.151320816531566,0.261497811867499,-0.0209999293400897,0.0477823611974432,-0.139248847409129,0.222056064643221
61.4319352880526,-0.0296242014595863,-0.0397940111758605,-0.149632480996394,0.260689957673745,-0.0207543683519051,0.0475801238189158,-0.137887148912164,0.22136770623762
61.8579748767801,-0.0295550043739478,-0.0393293341959277,-0.147954778314145,0.259873416841537,-0.0205106252257339,0.0473773880227833,-0.136533957987885,0.220673263888082
62.2869691132868,-0.0294844846097546,-0.0388689125629987,-0.146287779295437,0.259048351222433,-0.0202687024814846,0.0471741724801772,-0.135189321338128,0.219972861245748
62.7189384884933,-0.029412683216031,-0.038412715507451,-0.144631551824456,0.258214922844418,-0.0200286023431249,0.0469704958409277,-0.133853283449582,0.219266622024613
63.1539036354283,-0.0293396404497295,-0.0379607120494003,-0.142986160875356,0.257373293853683,-0.0197903267404391,0.0467663767276005,-0.132525886606514,0.218554669957153
63.5918853302131,-0.029265395780148,-0.0375128710141388,-0.14135166852989,0.256523626457282,-0.0195538773109246,0.0465618337296236,-0.131207170904466,0.217837128750611
64.032904493055,-0.0291899878936003,-0.0370691610473416,-0.139728133996251,0.255666082866675,-0.0193192554018256,0.0463568853975044,-0.129897174264872,0.217114122043948
64.4769821892457,-0.0291134546983329,-0.0366295506300364,-0.138115613629069,0.254800825242202,-0.0190864620722985,0.0461515502371429,-0.128595932450579,0.216385773365498
64.9241396301678,-0.0290358333296808,-0.0361940080933349,-0.136514160950542,0.253928015638489,-0.0188554980957054,0.0459458467042421,-0.127303479082246,0.215652206091327
65.3743981743082,-0.0289571601554534,-0.0357625016329218,-0.134923826672655,0.253047815950833,-0.0186263639620325,0.045739793198819,-0.126019845655588,0.214913543404324
65.827779328278,-0.0288774707815444,-0.0353349993232992,-0.133344658720461,0.25216038786256,-0.018399059880427,0.0455334080598191,-0.124745061559438,0.214169908254038
66.2843047478397,-0.0287968000577577,-0.0349114691317847,-0.131776702256372,0.251265892793398,-0.0181735857818507,0.0453267095598364,-0.123479154094601,0.213421423317272
66.7439962389419,-0.0287151820838413,-0.0344918789322588,-0.130219999705432,0.250364491848865,-0.0179499413218452,0.0451197158999416,-0.122222148493471,0.212668210959454
67.2068757587607,-0.0286326502157216,-0.0340761965186624,-0.128674590781534,0.249456345770703,-0.0177281258834033,0.0449124452046198,-0.120974067940377,0.211910393196795
67.6729654167483,-0.0285492370719323,-0.0336643896182403,-0.127140512514541,0.248541614888357,-0.0175081385799445,0.0447049155168208,-0.119734933592638,0.211148091659239
68.1422874756894,-0.0284649745402273,-0.0332564259045302,-0.125617799278275,0.247620459071529,-0.0172899782583886,0.0444971447931232,-0.118504764602296,0.210381427554237
68.6148643527643,-0.0283798937843736,-0.0328522730100959,-0.124106482819331,0.246693037683805,-0.0170736435023237,0.0442891508990134,-0.117283578138491,0.209610521631321
69.0907186206199,-0.0282940252511147,-0.0324518985390028,-0.122606592286687,0.245759509537379,-0.0168591326352647,0.0440809516042821,-0.116071389410455,0.208835494147528
69.5698730084476,-0.0282073986772972,-0.0320552700790358,-0.121118154262069,0.244820032848871,-0.0166464437239972,0.0438725645785391,-0.114868211691108,0.208056464833639
70.0523504030693,-0.0281200430971548,-0.0316623552136574,-0.119641192791028,0.243874765196253,-0.0164355745820035,0.0436640073868469,-0.113674056341195,0.207273552861279
70.5381738500302,-0.0280319868497411,-0.0312731215337071,-0.118175729414696,0.242923863476898,-0.0162265227729654,0.0434552974854756,-0.112488932833978,0.206486876810854
71.0273665547,-0.0279432575865046,-0.0308875366488404,-0.116721783202195,0.241967483866742,-0.0160192856143409,0.0432464522177787,-0.111312848780423,0.205696554640349
71.5199518833807,-0.0278538822789993,-0.0305055681987077,-0.115279370783638,0.241005781780576,-0.0158138601810089,0.0430374888101909,-0.110145809954859,0.204902703654981
72.0159533644237,-0.0277638872267228,-0.0301271838638732,-0.113848506383707,0.240038911833469,-0.015610243308979,0.0428284243683489,-0.108987820321101,0.204105440477712
72.5153946893524,-0.0276732980650766,-0.0297523513764737,-0.112429201855765,0.239067027803319,-0.0154084315991626,0.0426192758733352,-0.107838882058985,0.203304881020635
73.0182997139948,-0.0275821397734402,-0.0293810385306178,-0.111021466716464,0.238090282594541,-0.0152084214211995,0.0424100601780452,-0.106698995591302,0.20250114045721
73.5246924596224,-0.027490436683354,-0.029013213192526,-0.109625308180811,0.237108828202887,-0.0150102089173375,0.0422007940036785,-0.105568159611097,0.201694333195382
74.0345971140979,-0.0273982124868023,-0.0286488433104117,-0.108240731197673,0.236122815681401,-0.0148137900063603,0.041991493936353,-0.104446371109317,0.200884572851555
74.5480380330304,-0.0273054902445927,-0.0282878969241056,-0.10686773848566,0.235132395107503,-0.01461916038756,0.0417821764238438,-0.103333625402762,0.200071972225434
75.0650397409388,-0.0272122923948223,-0.0279303421744219,-0.105506330569384,0.234137715551203,-0.0144263155447501,0.0415728577724445,-0.102229916162343,0.199256643275728
75.585626932423,-0.0271186407614276,-0.0275761473122701,-0.104156505816028,0.233138925044435,-0.0142352507503152,0.0413635541439525,-0.101135235441587,0.198438697096723
76.1098244733437,-0.0270245565628096,-0.0272252807075116,-0.10281826047222,0.232136170551518,-0.0140459610692937,0.0411542815527764,-0.100049573705392,0.197618243895697
76.6376574020103,-0.0269300604205288,-0.0268777108575632,-0.101491588701163,0.231129597940727,-0.0138584413634898,0.0409450558631663,-0.0989729198589911,0.196795392971207
77.1691509303763,-0.0268351723680652,-0.0265334063957495,-0.100176482619995,0.23011935195697,-0.0136726862956111,0.0407358927865651,-0.0979052612771132,0.195970252692211
77.7043304452438,-0.0267399118596355,-0.0261923360994048,-0.0988729323373449,0.229105576195566,-0.0134886903334275,0.0405268078790813,-0.0968465838333015,0.195142930478044
78.2432215094763,-0.0266442977790634,-0.0258544688977268,-0.0975809259910596,0.228088413077123,-0.0133064477539498,0.0403178165390811,-0.0957968719293824,0.194313532779226
78.7858498632195,-0.026548348448697,-0.025519773879384,-0.0963004497860681,0.227068003823483,-0.0131259526476219,0.0401089340049,-0.094756108525052,0.193482165059111
79.3322414251308,-0.0264520816383677,-0.0251882202998789,-0.0950314880323528,0.226044488434757,-0.0129471989225258,0.039900175352673,-0.0937242751675609,0.192648931776348
79.8824222936175,-0.0263555145743851,-0.024859777588668,-0.0937740231830025,0.225018005667412,-0.0127701803085941,0.0396915554942808,-0.0927013520214765,0.191813936368177
80.436418748083,-0.0262586639485633,-0.024534415356042,-0.0925280358723173,0.223988693013417,-0.0125948903618279,0.0394830891754123,-0.091687317898499,0.190977281234521
80.9942572501823,-0.0261615459272728,-0.024212103399768,-0.0912935049539391,0.222956686680424,-0.0124213224685168,0.0392747909737422,-0.0906821502873129,0.190139067722889
81.555964445086,-0.026064176160514,-0.0238928117114954,-0.0900704075389809,0.221922121572977,-0.0122494698494577,0.0390666752972204,-0.0896858253834523,0.189299396114063
82.121567162753,-0.0259665697910061,-0.023576510482929,-0.0888587190341296,0.220885131274744,-0.0120793255641691,0.0388587563824745,-0.0886983181191607,0.188458365608581
82.6910924192116,-0.0258687414632884,-0.0232631701117706,-0.0876584131796971,0.219845848031739,-0.011910882515099,0.0386510482933219,-0.0877196021932259,0.18761607431398
83.2645674178507,-0.025770705332828,-0.0229527612074329,-0.0864694620875953,0.218804402736541,-0.011744133451823,0.0384435649193909,-0.0867496501007721,0.186772619232813
83.8420195507184,-0.0256724750751298,-0.0226452545965265,-0.0852918362792117,0.217760924913481,-0.0115790709752292,0.0382363199748487,-0.08578843316299,0.185928096251412
84.423476399831,-0.0255740638948457,-0.0223406213281248,-0.0841255047231635,0.216715542704786,-0.0114156875416888,0.038029326997235,-0.0848359215567885,0.1850826001294
85.0089657384898,-0.0254754845348764,-0.0220388326788079,-0.0829704348729064,0.215668382857672,-0.0112539754672083,0.0378225993463994,-0.0838920843443509,0.184236224489927
85.5985155326084,-0.0253767492854644,-0.0217398601574887,-0.081826592704179,0.214619570712357,-0.0110939269315622,0.0376161502035403,-0.0829568895025781,0.183389061810627
86.1921539420481,-0.0252778699932721,-0.0214436755100246,-0.0806939427522604,0.213569230190991,-0.0109355339824023,0.037409992570345,-0.082030303952404,0.182541203415288
86.7899093219629,-0.0251788580704425,-0.0211502507236164,-0.0795724481490224,0.212517483787473,-0.010778788539343,0.0372041392682265,-0.0811122935879685,0.181692739466212
87.3918102241541,-0.0250797245036384,-0.0208595580309985,-0.0784620706597567,0.211464452558152,-0.0106236823980187,0.0369986029376585,-0.0802028233056309,0.180843758957257
87.9978853984339,-0.0249804798630563,-0.0205715699144228,-0.0773627707197587,0.210410256113387,-0.010470207234113,0.0367933960376029,-0.0793018570328123,0.179994349707557
88.6081637939989,-0.0248811343114116,-0.0202862591094386,-0.0762745074706514,0.209355012609947,-0.0103183546073555,0.0365885308450316,-0.0784093577566521,0.17914459835589
89.2226745608124,-0.0247816976128921,-0.0200035986084734,-0.0751972387964302,0.208298838744237,-0.0101681159654866,0.0363840194545375,-0.0775252875524642,0.1782945903557
89.8414470509972,-0.0246821791420767,-0.0197235616642145,-0.074130921359215,0.20724184974634,-0.0100194826481862,0.0361798737780344,-0.0766496076119835,0.177444409970748
90.4645108202374,-0.0245825878928148,-0.0194461217927979,-0.0730755106346933,0.206184159374831,-0.00987244589096647,0.0359761055445434,-0.075782278271388,0.176594140271377
91.0918956291901,-0.0244829324870652,-0.0191712527768045,-0.0720309609472382,0.205125879912383,-0.00972699682902538,0.0357727263000635,-0.0749232590390859,0.175743863131391
91.7236314449071,-0.0243832211836911,-0.0188989286680684,-0.0709972255046901,0.204067122162111,-0.00958312650106063,0.035569747407524,-0.0740725086232569,0.174893659225517
92.3597484422661,-0.0242834618872069,-0.0186291237903,-0.0699742564327862,0.203007995444659,-0.0094408258530416,0.0353671800468179,-0.0732299849591374,0.174043608027456
93.0002770054119,-0.0241836621564769,-0.0183618127415263,-0.0689620048092267,0.201948607595997,-0.00930008574193832,0.0351650352149126,-0.0723956452360393,0.173193787808488
93.645247729208,-0.0240838292133601,-0.018096970396352,-0.0679604206973652,0.200889064965924,-0.0091608969394059,0.0349633237260368,-0.0715694459240929,0.172344275636638
94.2946914206979,-0.0239839699513019,-0.0178345719080445,-0.0669694531795126,0.199829472417243,-0.00902325013542322,0.0347620562119408,-0.0707513428007056,0.171495147376372
94.9486391005764,-0.0238840909438676,-0.0175745927104455,-0.0659890503898438,0.198769933325598,-0.00888713594188462,0.0345612431222289,-0.0699412909767279,0.170646477688823
95.6071220046713,-0.0237841984532166,-0.0173170085197119,-0.065019159546896,0.197710549579957,-0.00875254489614354,0.0343608947247608,-0.0691392449223175,0.169798340032522
96.2701715854358,-0.0236842984385155,-0.01706179533589,-0.0640597269856518,0.196651421583716,-0.00861946746450684,0.0341610211061209,-0.0683451584924963,0.168950806664632
96.9378195134503,-0.0235843965642869,-0.0168089294443255,-0.0631106981891962,0.195592648256404,-0.00848789404567911,0.0339616321721517,-0.067558984952391,0.168103948642661
97.6100976789355,-0.023484498208693,-0.0165583874169111,-0.0621720178199411,0.194534327035981,-0.00835781497415593,0.0337627376485517,-0.0667806770021531,0.167257835826641
98.2870381932754,-0.0233846084717513,-0.0163101461131771,-0.0612436297504092,0.1934765538817,-0.00822922052356509,0.0335643470815332,-0.0660101868015495,0.166412536881775
98.9686733905512,-0.0232847321834806,-0.0160641826812258,-0.0603254770935695,0.192419423277516,-0.00810210090995526,0.0333664698385388,-0.0652474659942205,0.16556811928151
99.6550358290861,-0.0231848739119756,-0.0158204745585135,-0.0594175022327209,0.191363028236034,-0.00797644629503131,0.0331691151090157,-0.0644924657315993,0.164724649311054
100.346158292999,-0.0230850379714097,-0.0155789994724829,-0.0585196468509159,0.190307460302963,-0.00785224678933566,0.0329722919052432,-0.0637451366964871,0.163882192071299
101.042073793774,-0.0229852284299612,-0.0153397354410488,-0.0576318519599189,0.189252809562066,-0.00772949245537491,0.0327760090632139,-0.0630054291262803,0.163040811483149
101.742815571832,-0.0228854491176654,-0.0151026607729403,-0.0567540579286989,0.188199164640592,-0.00760817331069175,0.0325802752435646,-0.0622732928358468,0.162200570292239
102.448417098122,-0.0227857036341873,-0.0148677540679011,-0.0558862045114456,0.187146612715159,-0.00748827933088114,0.0323850989325559,-0.0615486772400462,0.161361530074032
103.15891207572,-0.0226859953565169,-0.0146349942167523,-0.0550282308751128,0.186095239518088,-0.00736980045255076,0.0321904884430981,-0.0608315313758906,0.160523751239268
103.874334441436,-0.0225863274465826,-0.0144043604013192,-0.0541800756264803,0.185045129344157,-0.00725272657622531,0.0319964519158219,-0.0601218039243451,0.159687293039781
104.594718367439,-0.0224867028587844,-0.0141758320942261,-0.0533416768387354,0.183996365057759,-0.0071370475691944,0.0318029973201904,-0.0594194432317635,0.158852213574638
105.320098262886,-0.0223871243474427,-0.0139493890585601,-0.0525129720775708,0.182949028100456,-0.00702275326830391,0.0316101324556531,-0.0587243973309579,0.158018569796613
106.050508775566,-0.0222875944741644,-0.0137250113474082,-0.0516938984267976,0.181903198498907,-0.00690983348269051,0.0314178649528367,-0.058036613961901,0.157186417518971
106.785984793556,-0.0221881156151231,-0.0135026793032697,-0.0508843925134716,0.180858954873144,-0.00679827799645954,0.0312262022747741,-0.0573560405920577,0.156355811422551
107.526561446888,-0.0220886899682532,-0.0132823735573462,-0.0500843905325337,0.179816374445203,-0.00668807657130589,0.0310351517181666,-0.0566826244363475,0.155526805063141
108.272274109224,-0.0219893195603571,-0.0130640750287127,-0.0492938282709634,0.178775533048064,-0.00657921894907822,0.0308447204146802,-0.0560163124767347,0.154699450879128
109.023158399549,-0.0218900062541235,-0.0128477649233712,-0.0485126411314454,0.177736505134912,-0.0064716948542863,0.0306549153322721,-0.0553570514814468,0.153873800199414
109.779250183872,-0.0217907517550572,-0.0126334247331904,-0.0477407641555508,0.176699363788687,-0.00636549399655189,0.0304657432765468,-0.0547047880238204,0.153049903251584
110.540585576935,-0.0216915576183192,-0.0124210362347334,-0.0469781320464328,0.17566418073191,-0.00626060607300298,0.0302772108921394,-0.0540594685007756,0.15222780917032
111.307200943943,-0.0215924252554746,-0.012210581487976,-0.0462246791910401,0.174631026336772,-0.00615702077061195,0.0300893246641247,-0.0534210391509178,0.151407566006043
112.079132902301,-0.0214933559411508,-0.0120020428349183,-0.0454803396818472,0.173599969635476,-0.00605472776847765,0.0299020909194507,-0.0527894460722681,0.150589220733777
112.856418323356,-0.0213943508196016,-0.0117954028980913,-0.0447450473381061,0.172571078330807,-0.00595371674005178,0.0297155158283938,-0.0521646352396237,0.149772819262222
113.639094334169,-0.0212954109111793,-0.0115906445789623,-0.0440187357266209,0.171544418806925,-0.00585397735530993,0.0295296054060348,-0.0515465525215475,0.148958406443024
114.427198319278,-0.0211965371187128,-0.0113877510562396,-0.043301338182048,0.170520056140359,-0.00575549928286765,0.0293443655137548,-0.0509351436969907,0.14814602608024
115.220767922492,-0.0210977302337907,-0.0111867057840802,-0.0425927878267243,0.169498054111202,-0.00565827219204188,0.0291598018607475,-0.0503303544715474,0.147335720939975
116.019841048683,-0.02099899094295,-0.0109874924902028,-0.0418930175900291,0.168478475214471,-0.00556228575485828,0.0289759200055482,-0.0497321304933445,0.146527532760189
116.824455865599,-0.020900319833769,-0.0107900951739072,-0.0412019602272806,0.167461380671646,-0.00546752964800488,0.0287927253575774,-0.0491404173685678,0.145721502260666
117.634650805689,-0.0208017174008637,-0.010594498104004,-0.0405195483381724,0.166446830442353,-0.00537399355473261,0.0286102231786966,-0.0485551606766271,0.14491766915313
118.450464567934,-0.0207031840517872,-0.0104006858166552,-0.0398457143847544,0.16543488323619,-0.00528166716670319,0.0284284185847769,-0.0479763059849616,0.144116072151499
119.271936119701,-0.0206047201128326,-0.0102086431131293,-0.0391803907089621,0.164425596524685,-0.00519054018578502,0.028247316547277,-0.0474037988634895,0.143316748982276
120.099104698599,-0.0205063258347374,-0.0100183550574719,-0.0385235095496979,0.163419026553362,-0.00510060232579753,0.0280669218948301,-0.046837584898702,0.142519736395054
120.932009814357,-0.0204080013982895,-0.00982980697409543,-0.0378750030594719,0.162415228353918,-0.00501184331420489,0.0278872393148389,-0.0462776097074076,0.141725070173142
121.77069125071,-0.0203097469198348,-0.00964298444528839,-0.037234803320605,0.161414255756497,-0.00492425289375935,0.0277082733550766,-0.0457238189501257,0.140932785144291
122.615189067297,-0.0202115624566853,-0.00945787330864751,-0.036602842361,0.160416161402036,-0.00483782082409528,0.0275300284252926,-0.0451761583441367,0.140142915191516
123.46554360158,-0.0201134480124279,-0.00927445965443463,-0.0359790521694877,0.159420996754694,-0.00475253688327425,0.0273525087988227,-0.0446345736761878,0.13935549326401
124.321795470765,-0.0200154035421325,-0.0090927298228601,-0.0353633647107514,0.15842881211434,-0.00466839086928216,0.0271757186142013,-0.0440990108148605,0.138570551388138
125.183985573745,-0.0199174289574601,-0.00891267040129521,-0.0347557119398374,0.157439656629087,-0.0045853726014789,0.0269996618767759,-0.043569415722602,0.137788120678498
126.052155093052,-0.0198195241316699,-0.00873426822141531,-0.0341560258162569,0.156453578307878,-0.00450347192200156,0.0268243424603214,-0.0430457344674244,0.137008231349055
126.926345496825,-0.0197216889045255,-0.00855751035627594,-0.0335642383176849,0.155470624033099,-0.0044226786971217,0.0266497641086541,-0.0425279132342739,0.136230912724332
127.806598540793,-0.0196239230870987,-0.00838238411732392,-0.0329802814532637,0.154490839573217,-0.00434298281855763,0.0264759304372444,-0.0420158983360769,0.135456193250645
128.692956270265,-0.0195262264664722,-0.00820887705134549,-0.0324040872765156,0.153514269595437,-0.00426437420474249,0.0263028449348259,-0.041509636224462,0.134684100507391
129.585461022141,-0.0194285988103397,-0.0080369769373533,-0.0318355878978728,0.152540957678361,-0.00418684280204887,0.0261305109650024,-0.0410090735001669,0.133914661218369
130.484155426934,-0.0193310398715037,-0.00786667178341464,-0.0312747154968308,0.151570946324648,-0.00411037858597084,0.0259589317678493,-0.0405141569231294,0.13314790126313
131.389082410804,-0.0192335493922699,-0.00769794982342251,-0.0307214023337312,0.150604276973668,-0.00403497156226428,0.0257881104615105,-0.0400248334222704,0.132383845688358
132.300285197614,-0.0191361271087393,-0.00753079951381181,-0.0301755807611811,0.149640990014134,-0.0039606117680462,0.0256180500437881,-0.0395410501049697,0.131622518719266
133.217807310988,-0.019038772754996,-0.00736520953022254,-0.029637183235117,0.148681124796716,-0.00388728927285414,0.0254487533937269,-0.0390627542662412,0.130863943771
134.141692576393,-0.0189414860671922,-0.00720116876411193,-0.0291061423255185,0.147724719646622,-0.00381499417966627,0.0252802232731892,-0.0385898933976097,0.13010814346006
135.071985123233,-0.0188442667875285,-0.00703866631931769,-0.0285823907267796,0.146771811876141,-0.00374371662588325,0.0251124623284228,-0.0381224151956953,0.129355139615714
136.008729386957,-0.018747114668131,-0.00687769150857408,-0.0280658612677445,0.145822437797144,-0.00367344678427256,0.0249454730916193,-0.0376602675705077,0.128604953291414
136.951970111177,-0.0186500294748229,-0.00671823384998309,-0.0275564869214152,0.144876632733537,-0.00360417486387639,0.0247792579824621,-0.0372033986534562,0.127857604776196
137.901752349813,-0.0185530109907926,-0.0065602830634424,-0.0270542008143375,0.143934431033656,-0.0035358911108837,0.0246138193096651,-0.036751756805079,0.127113113606072
138.858121469236,-0.0184560590201563,-0.00640382906703242,-0.0265589362356734,0.142995866082601,-0.00346858580946761,0.0244491592724997,-0.0363052906224961,0.126371498575403
139.821123150444,-0.0183591733914166,-0.00624886197336417,-0.0260706266459653,0.14206097031451,-0.00340224928258878,0.0242852799623104,-0.0358639489465904,0.12563277774824
140.790803391236,-0.018262353960815,-0.00609537208589002,-0.0255892056856018,0.141129775224758,-0.00333687189276586,0.0241221833640184,-0.035427680868921,0.124896968469651
141.767208508414,-0.0181656006155797,-0.00594334989517943,-0.0251146071829891,0.140202311382074,-0.00327244404281366,0.0239598713576131,-0.0349964357383734,0.124164087377001
142.750385139995,-0.0180689132770687,-0.00579278607516154,-0.0246467651624385,0.139278608440595,-0.00320895617655022,0.0237983457196296,-0.0345701631675509,0.123434150411202
143.740380247435,-0.0179722919038061,-0.00564367147933668,-0.0241856138517742,0.13835869515182,-0.00314639877947341,0.0236376081246144,-0.0341488130389113,0.122707172827928
144.737241117876,-0.0178757364944146,-0.00549599713695877,-0.0237310876896699,0.137442599376484,-0.003084762379408,0.0234776601465752,-0.0337323355106537,0.121983169208771
145.741015366405,-0.0177792470904408,-0.00534975424919068,-0.0232831213327214,0.136530348096341,-0.00302403754712421,0.0233185032604186,-0.0333206810223592,0.121262153472362
146.751750938323,-0.0176828237790767,-0.00520493418523453,-0.0228416496622622,0.135621967425848,-0.00296421489692844,0.0231601388433724,-0.0329138003003912,0.120544138885434
147.769496111443,-0.0175864666957736,-0.00506152847843904,-0.0224066077909278,0.134717482623757,-0.00290528508722706,0.0230025681763926,-0.0325116443630571,0.119829138073828
148.794299498388,-0.0174901760267525,-0.00491952882238582,-0.021977931068978,0.133816918104601,-0.00284723882106428,0.0228457924455564,-0.0321141645255389,0.119117163033445
149.826210048919,-0.0173939520114075,-0.00477892706695674,-0.021555555090382,0.132920297450077,-0.00279006684663471,0.0226898127434394,-0.031721312404595,0.118408225141132
150.865277052271,-0.0172977949446046,-0.00463971521438463,-0.0211394156986741,0.132027643420331,-0.00273375995777171,0.0225346300704771,-0.0313330399230376,0.117702335165507
151.911550139505,-0.0172017051788743,-0.00450188541528882,-0.0207294489925869,0.131138977965123,-0.00267830899441204,0.0223802453363111,-0.030949299313991,0.116999503277712
152.965079285884,-0.0171056831264999,-0.0043654299646983,-0.0203255913314683,0.130254322234891,-0.00262370484303805,0.0222266593611195,-0.0305700431249346,0.116299739062095
154.025914813254,-0.0170097292615004,-0.004230341298064,-0.019927779340489,0.129373696591702,-0.00256993843709777,0.0220738728769304,-0.0301952242215344,0.115603051526827
155.094107392451,-0.016913844121508,-0.00409661198726258,-0.0195359499156478,0.128497120620084,-0.00251700075740409,0.021921886528921,-0.0298247957912679,0.114909449114432
156.169708045722,-0.0168180283095415,-0.00396423473659376,-0.0191500402285793,0.127624613137752,-0.00246488283251355,0.0217707008766988,-0.0294587113468467,0.114218939712244
157.25276814916,-0.016722282495675,-0.00383320237877324,-0.0187699877311734,0.126756192206213,-0.00241357573908573,0.0216203163955674,-0.0290969247294399,0.113531530662786
158.34333943516,-0.0166266074186028,-0.0037035078709234,-0.0183957301600096,0.125891875141254,-0.00236307060222376,0.0214707334777762,-0.0287393901117044,0.112847228774063
159.441473994887,-0.0165310038870999,-0.00357514429056381,-0.0180272055406148,0.125031678523313,-0.002313358595797,0.0213219524337536,-0.0283860620006238,0.112166040329769
160.547224280766,-0.0164354727813795,-0.0034481048316037,-0.0176643521915492,0.124175618207738,-0.00226443094274638,0.0211739734933234,-0.0280368952401625,0.111487971099411
161.66064310899,-0.0163400150543474,-0.00332238280033857,-0.0173071087283274,0.123323709334917,-0.00221627891537322,0.0210267968069058,-0.027691845013737,0.110813026348341
162.781783662036,-0.0162446317327535,-0.00319797161145308,-0.01695541406718,0.122475966340298,-0.00216889383561231,0.0208804224467019,-0.0273508668465096,0.110141210847701
163.910699491214,-0.0161493239182414,-0.00307486478403199,-0.0166092074286606,0.121632402964285,-0.00212226707528985,0.0207348504078619,-0.0270139166075085,0.109472528884273
165.047444519217,-0.0160540927882963,-0.00295305593758205,-0.0162684283411065,0.120793032262019,-0.00207639005636692,0.0205900806096371,-0.0266809505115771,0.108806984270235
166.192073042701,-0.015958939597092,-0.00283253878806611,-0.015933016643955,0.119957866613041,-0.00203125425116923,0.0204461128965171,-0.0263519251211585,0.108144580352825
167.344639734876,-0.0158638656762374,-0.00271330714395219,-0.0156029124909245,0.119126917730829,-0.00198685118260378,0.0203029470393494,-0.0260267973479165,0.10748532002391
168.505199648122,-0.015768872435423,-0.00259535490227941,-0.0152780563530624,0.118300196672231,-0.00194317242436298,0.0201605827364453,-0.0257055244541997,0.106829205729448
169.673808216612,-0.0156739613629685,-0.00247867604474277,-0.0149583890216675,0.117477713846768,-0.00190020960111697,0.0200190196146684,-0.0253880640543497,0.106176239478862
170.850521258965,-0.0155791340262724,-0.00236326463379942,-0.0146438516110899,0.11665947902583,-0.00185795438869459,0.0198782572305098,-0.0250743741158597,0.105526422854305
172.03539498091,-0.0154843920721633,-0.00224911480879773,-0.0143343855614153,0.115845501351755,-0.00181639851425377,0.0197382950711462,-0.0247644129603855,0.104879757019835
173.228485977972,-0.0153897372271557,-0.00213622078213215,-0.0140299326410368,0.115035789346788,-0.00177553375644173,0.0195991325554848,-0.0244581392646133,0.104236242730472
174.429851238172,-0.0152951712976088,-0.00202457683542529,-0.0137304349491195,0.114230350921938,-0.0017353519455456,0.0194607690351922,-0.0241555120609881,0.103595880341168
175.639548144754,-0.0152006961697913,-0.00191417731573965,-0.0134358349179629,0.113429193385713,-0.00169584496363403,0.0193232037957099,-0.0238564907383051,0.102958669815663
176.857634478922,-0.0151063138098523,-0.00180501663182096,-0.0131460753152644,0.112632323452751,-0.00165700474469026,0.0191864360572546,-0.0235610350421698,0.10232461073524
178.084168422602,-0.0150120262636992,-0.00169708925037532,-0.0128610992462892,0.11183974725234,-0.00161882327473712,0.0190504649758056,-0.0232691050753281,0.101693702307375
179.319208561219,-0.014917835656784,-0.00159038969238199,-0.01258085015595,0.111051470336833,-0.00158129259195443,0.0189152896440772,-0.0229806612978713,0.10106594337428
180.562813886497,-0.0148237441937995,-0.0014849125294441,-0.0123052718308007,0.110267497689956,-0.00154440478678936,0.0187809090924793,-0.0226956645273186,0.10044133242134
181.815043799277,-0.014729754158286,-0.00138065238017901,-0.0120343084009477,0.109487833735008,-0.00150815200206001,0.0186473222900635,-0.0224140759385813,0.099819867585443
183.075958112354,-0.0146358679121498,-0.00127760390665069,-0.0117679043418828,0.108712482342968,-0.00147252643305279,0.0185145281454569,-0.0221358570638109,0.0992015466632046
184.345617053333,-0.0145420878950952,-0.00117576181084564,-0.011506004476241,0.107941446840496,-0.00143752032761387,0.0183825255077835,-0.0218609697921355,0.0985863671190815
185.624081267505,-0.0144484166239716,-0.00107512083119468,-0.0112485539754869,0.107174730017833,-0.00140312598623517,0.0182513131675732,-0.0215893763692875,0.0979743260933803
186.911411820748,-0.0143548566920361,-0.000975675739142392,-0.0109954983615322,0.106412334136615,-0.00136933576213519,0.0181208898576586,-0.0213210393971245,0.0973654204101559
188.207670202438,-0.0142614107681342,-0.00087742133576587,-0.0107467835082881,0.10565426093758,-0.00133614206133505,0.0179912542540612,-0.0210559218330494,0.096759646585003
189.512918328392,-0.0141680815957994,-0.000780352448445064,-0.0105023556431552,0.104900511648195,-0.00130353734273002,0.0178624049768647,-0.0207939869893288,0.0961570008327385
190.827218543819,-0.0140748719922738,-0.000684463927586211,-0.0102621613484544,0.104151086990182,-0.00127151411815696,0.0177343405910789,-0.0205351985323173,0.095557479074975
192.150633626303,-0.0139817848474505,-0.000589750643400198,-0.0100261475628001,0.103405987186966,-0.00124006495245777,0.0176070596074922,-0.0202795204815867,0.0949610769475863
193.483226788801,-0.0138888231227412,-0.000496207482737671,-0.00979426158241943,0.102665211971028,-0.00120918246353927,0.0174805604835139,-0.0200269172089656,0.0943677898080641
194.82506168266,-0.0137959898498683,-0.000403829345982602,-0.00956645106241965,0.101928760591184,-0.0011788593224297,0.0173548416240066,-0.0197773534374914,0.0937776127427662
196.176202400658,-0.0137032881295855,-0.000312611144005825,-0.00934266401800569,0.101196631819775,-0.00114908825333203,0.0172299013821089,-0.019530794240278,0.0931905405740557
197.536713480066,-0.0136107211303276,-0.000222547795180354,-0.00912284882565014,0.100468823959782,-0.00111986203367439,0.0171057380600491,-0.0192872050393009,0.0926065678673333
198.906659905733,-0.0135182920867913,-0.00013363422245987,-0.00890695422421763,0.099745334851861,-0.00109117349415774,0.0169823499099493,-0.0190465516041045,0.0920256889379595
200.286107113184,-0.0134260042984501,-4.58653505220879e-05,-0.00869492931604561,0.0990261618813091,-0.00106301551880092,0.0168597351346217,-0.0188088000504327,0.0914478978580713
201.675120991751,-0.0133338611280036,4.07638970217269e-05,-0.00848672356798304,0.0983113019849517,-0.00103538104498337,0.0167378918883559,-0.0185739168387857,0.0908731884632894
203.073767887718,-0.0132418659997642,0.000126258600349528,-0.00828228681238875,0.0976007516579641,-0.00100826306348557,0.0166168182776986,-0.0183418687729068,0.0903015543593189
204.482114607491,-0.0131500223979836,0.000210623846082265,-0.00808156924809086,0.0968945069606231,-0.000981654618527268,0.0164965123622256,-0.0181126229982007,0.0897329889284435
205.900228420788,-0.0130583338651204,0.000293864729867328,-0.00788452144130867,0.0961925635249934,-0.000955548807803774,0.0163769721553062,-0.017886147000086,0.0891674853359122
207.32817706385,-0.0129668040000511,0.000375986358890388,-0.00769109432653826,0.0954949165615512,-0.00092993878252027,0.0162581956248614,-0.0176624086022851,0.088605036536221
208.766028742684,-0.0128754364562273,0.000456993854314528,-0.00750123920740285,0.0948015608657452,-0.000904817747424274,0.0161401806941139,-0.0174413759650537,0.0880456352792883
210.213852136311,-0.0127842349397805,0.000536892353645483,-0.00731490775746905,0.0941124908244998,-0.000880178960836317,0.0160229252423337,-0.0172230175833515,0.087489274116525
211.671716400053,-0.0126932032075772,0.000615687013021898,-0.00713205202102968,0.0934277004226597,-0.000856015734678874,0.0159064271055758,-0.0170073022849584,0.0869359454068008
213.139691168835,-0.0126023450652266,0.000693383009429699,-0.00695262441385422,0.092747183249381,-0.000832321434503585,0.015790684077413,-0.0167941992285366,0.0863856413223058
214.617846560511,-0.0125116643650432,0.000769985542839581,-0.00677657772390733,0.0920709325044679,-0.000809089479516802,0.0156756939096633,-0.0165836779016422,0.0858383538543085
216.10625317921,-0.0124211650039659,0.000845499838266759,-0.00660386511203613,0.0913989410046595,-0.000786313342603451,0.0155614543131117,-0.0163757081186883,0.0852940748188117
217.604982118714,-0.0123308509214377,0.000919931147752221,-0.00643444011262669,0.0907312011898668,-0.00076398655034921,0.0154479629582273,-0.0161702600188614,0.0847527958621056
219.114104965849,-0.0122407260972464,0.000993284752264715,-0.00626825663423016,0.0900677051293624,-0.000742102683060995,0.0153352174758753,-0.0159673040639939,0.0842145084662194
220.633693803907,-0.0121507945493297,0.00106556596352291,-0.00610526896015877,0.0894084445279258,-0.000720655374785721,0.0152232154580253,-0.015766811036395,0.0836792039542723
222.163821216089,-0.0120610603315474,0.00113678012573697,-0.00594543174905184,0.088753410731944,-0.000699638313327286,0.0151119544584548,-0.0155687520366409,0.0831468734957243
223.704560288971,-0.0119715275314225,0.00120693261726933,-0.00578870003541214,0.0881025947354709,-0.00067904524026175,0.015001431993449,-0.0153730984813285,0.0826175081115276
225.255984615994,-0.0118822002678537,0.0012760288522139,-0.00563502923011237,0.0874559871862459,-0.000658869950950627,0.0148916455424969,-0.0151798221007924,0.0820910986791796
226.818168300982,-0.0117930826888027,0.00134407428189362,-0.00548437512087193,0.0868135783916748,-0.000639106294552232,0.0147825925489842,-0.0149888949367886,0.0815676359376776
228.391185961678,-0.0117041789689566,0.00141107439627597,-0.00533669387270371,0.086175358324773,-0.000619748174031001,0.014674270420882,-0.014800289340147,0.0810471104923773
229.975112733314,-0.011615493307371,0.00147703472530621,-0.00519194202833088,0.0855413166300728,-0.000600789546164694,0.0145666765314337,-0.0146139779683933,0.0805295128197549
231.570024272191,-0.0115270299250934,0.00154196084015825,-0.0050500765085733,0.0849114426294977,-0.00058222442154938,0.014459808219838,-0.0144299337833441,0.0800148332720733
233.175996759301,-0.0114387930627704,0.00160585835440315,-0.00491105461270323,0.0842857253282024,-0.000564046864602113,0.01435366279193,-0.0142481300486751,0.0795030620819547
234.793106903962,-0.0113507869782426,0.00166873292509516,-0.00477483401877018,0.0836641534203822,-0.000546250993561175,0.0142482375208589,-0.0140685403274655,0.0789941893668598
236.421431947482,-0.0112630159441266,0.00173059025377555,-0.00464137278389419,0.083046715295052,-0.000528830980483779,0.014143529647764,-0.0138911384797205,0.0784882051334737
238.061049666849,-0.0111754842453898,0.00179143608739423,-0.00451062934452733,0.082433399041795,-0.000511781051241099,0.0140395363824484,-0.0137158986598722,0.077985099282001
239.712038378445,-0.0110881961769179,0.00185127621914954,-0.00438256251668276,0.0818241924564847,-0.00049509548551051,0.0139362549040505,-0.0135427953142627,0.0774848616103693
241.374476941791,-0.0110011560410791,0.00191011648924659,-0.00425713149613082,0.0812190830469783,-0.000478768616764894,0.0138336823617132,-0.0133718031786088,0.0769874818183442
243.048444763306,-0.0109143681452868,0.00196796278557429,-0.00413429585856165,0.0806180580387842,-0.000462794832258887,0.0137318158752521,-0.0132028972754521,0.0764929495115547
244.734021800108,-0.010827836799563,0.00202482104430191,-0.00401401555971358,0.0800211043807044,-0.000447168573011912,0.0136306525358209,-0.0130360529115942,0.0760012542054309
246.431288563827,-0.010741566314105,0.00208069725039537,-0.00389625093546678,0.0794282087504515,-0.000431884333787871,0.0135301894065763,-0.0128712456755202,0.0755123853290557
248.140326124455,-0.0106555609968583,0.00213559743805422,-0.00378096270190138,0.0788393575602416,-0.000416936663071337,0.0134304235233401,-0.0127084514348106,0.0750263322289302
249.861216114214,-0.010569825151097,0.00218952769106965,-0.00366811195531943,0.0782545369623639,-0.000402320163040098,0.0133313518952609,-0.0125476463335438,0.0745430841726547
251.594040731461,-0.0104843630730139,0.00224249414310462,-0.00355766017222998,0.0776737328547272,-0.000388029489533922,0.0132329715054736,-0.0123888067896911,0.0740626303525262
253.338882744608,-0.0103991790493244,0.00229450297789673,-0.00344956920929657,0.0770969308863837,-0.00037405935201936,0.0131352793117581,-0.0122319094925041,0.0735849598890534
255.09582549608,-0.0103142773548837,0.00234556042938483,-0.00334380130324628,0.0765241164630308,-0.000360404513550475,0.013038272247196,-0.0120769313998978,0.0731100618343901
256.864952906292,-0.0102296622503219,0.0023956727817603,-0.00324031907073975,0.0759552747524907,-0.000347059790725311,0.0129419472208264,-0.0119238497358287,0.0726379251756883
258.646349477661,-0.0101453379796971,0.00244484636944405,-0.00313908550820141,0.0753903906901684,-0.000334020053637978,0.0128463011183003,-0.0117726419876714,0.0721685388383724
260.440100298641,-0.0100613087681704,0.00249308757699035,-0.00304006399160898,0.0748294489844883,-0.000321280225826188,0.0127513308025338,-0.0116232859035927,0.0717018916893349
262.246291047787,-0.00997757881970384,0.00254040283891862,-0.00294321827624179,0.0742724341223093,-0.000308835284214106,0.0126570331143594,-0.0114757594899263,0.0712379725400549
264.065007997846,-0.0098941523147825,0.00258679863947439,-0.00284851249638695,0.0737193303743184,-0.000296680259050366,0.0125634048731771,-0.0113300410085479,0.0707767701496413
265.896338019882,-0.00981103340816499,0.00263228151232075,-0.00275591116500279,0.0731701218004023,-0.000284810233841104,0.0124704428776026,-0.0111861089742528,0.0703182732278007
267.740368587419,-0.00972822622666192,0.00267685804016164,-0.00266537917333873,0.0726247922549987,-0.000273220345277878,0.0123781439061157,-0.0110439421521368,0.0698624704377317
269.597187780627,-0.00964573486694538,0.00272053485429821,-0.00257688179051111,0.0720833253924245,-0.00026190578316034,0.0122865047177062,-0.0109035195549809,0.0694093503989468
271.466884290521,-0.009563563393391,0.0027633186341199,-0.00249038466303397,0.0715457046721824,-0.000250861790313505,0.0121955220525184,-0.0107648204406424,0.0689589016900229
273.349547423206,-0.00948171583595417,0.00280521610653165,-0.00240585381430452,0.0710119133642455,-0.00024008366249952,0.0121051926324946,-0.0106278243094511,0.0685111128512813
275.245267104134,-0.00940019618808228,0.00284623404531857,-0.00232325564404228,0.0704819345543188,-0.000229566748323789,0.0120155131620164,-0.0104925109016139,0.068065972387399
277.154133882404,-0.00931900840466428,0.00288637927045011,-0.00224255692768165,0.0699557511490775,-0.000219306449135336,0.0119264803285446,-0.010358860194627,0.0676234687699516
279.07623893509,-0.00923815640001958,0.00292565864732479,-0.00216372481571707,0.0694333458813822,-0.000209298218921297,0.0118380908032574,-0.0102268524006982,0.0671835904398897
281.011674071587,-0.00915764404592728,0.00296407908595762,-0.00208672683300039,0.0689147013154696,-0.000199537564195429,0.0117503412416863,-0.0100964679641779,0.0667463258099494
282.960531738006,-0.0090774751696975,0.00300164754011162,-0.00201153087798981,0.0683997998521188,-0.000190020043880534,0.0116632282843502,-0.00996768755900253,0.0663116632669986
284.922905021585,-0.0089976535522859,0.00303837100637535,-0.00193810522195013,0.0678886237337917,-0.000180741269184694,0.0115767485573879,-0.00984049208614846,0.0658795911743192
286.898887655133,-0.00891818292645296,0.00307425652318799,-0.00186641850810364,0.0673811550497486,-0.000171696903471239,0.0114908986731874,-0.00971486267109936,0.0654500978738281
288.888574021513,-0.00883906697496897,0.00310931116981413,-0.0017964397507314,0.0668773757411358,-0.000162882662122352,0.011405675231014,-0.00959078066132625,0.0650231716882363
290.892059158146,-0.0087603093288661,0.00314354206526959,-0.00172813833422453,0.0663772676060466,-0.000154294312396233,0.0113210748176349,-0.00946822762378167,0.0645988009231481
292.909438761552,-0.00868191356573841,0.00317695636720068,-0.00166148401208524,0.0658808123045544,-0.000145927673277762,0.011237094007942,-0.00934718534240855,0.0641769738691022
294.940809191919,-0.00860388320809109,0.00320956127071826,-0.00159644690587716,0.0653879913637156,-0.000137778615322575,0.0111537293655716,-0.00922763581566432,0.0637576788035542
296.986267477709,-0.00852622172173968,0.00324136400718882,-0.00153299750412506,0.0648987861825444,-0.000129843060494526,0.0110709774435212,-0.00910956125406097,0.063340903992803
299.045911320291,-0.00844893251426017,0.00327237184298436,-0.00147110666116347,0.0644131780369552,-0.000122116981996455,0.0109888347847638,-0.0089929440777216,0.0629266376938622
301.119839098607,-0.00837201893349089,0.00330259207819296,-0.00141074559593426,0.0639311480846746,-0.000114596404094236,0.0109072979228582,-0.00887776691395403,0.0625148681562761
303.208149873869,-0.00829548426608682,0.00333203204529204,-0.001351885890733,0.06345267737012,-0.00010727740193407,0.0108263633825568,-0.00876401259484205,0.0621055836238837
305.310943394298,-0.00821933173612711,0.00336069910778621,-0.00129449948990422,0.062977746829246,-0.000100156101352985,0.0107460276804096,-0.0086516641548547,0.0616987723365299
307.428320099879,-0.0081435645037763,0.00338860065881164,-0.00123855869848534,0.0625063372943547,-9.32286786825395e-05,0.0106662873253643,-0.00854070482847425,0.061294422531726
309.560381127168,-0.00806818566399978,0.00341574411970891,-0.00118403618079956,0.0620384294988719,-8.64913605456948e-05,0.0105871388193635,-0.00843111804784309,0.0608925224462599
311.707228314113,-0.00799319824533416,0.00344213693856633,-0.0011309049589977,0.0615740040820867,-7.99404236468751e-05,0.0105085786579369,-0.00832288744043009,0.0604930603177584
313.868964204927,-0.00791860520871259,0.00346778658873557,-0.00107913841154921,0.061113041593853,-7.35721945552001e-05,0.0104306033307902,-0.00821599682671686,0.0600960243862011
316.045692054981,-0.00784440944634573,0.00349270056732166,-0.00102871027168248,0.0606555224992538,-6.73830494809127e-05,0.0103532093223893,-0.00811043021790417,0.0597014028953873
318.237515835737,-0.00777061378065839,0.00351688639364923,-0.000979594625774853,0.0602014271832247,-6.13694140450102e-05,0.0102763931125407,-0.0080061718136389,0.0593091840943584
320.444540239715,-0.00769722096328212,0.00354035160770687,-0.000931765911692477,0.0597507359551387,-5.55277630421146e-05,0.0102001511769662,-0.00790320599976189,0.0589193562387749
322.666870685493,-0.00762423367410392,0.00356310376857171,-0.000885198917080485,0.0593034290533476,-4.98546201966083e-05,0.0101244799878741,-0.00780151734607695,0.0585319075922502
324.904613322743,-0.0075516545203711,0.00358515045281582,-0.00083986877760385,0.0588594866496828,-4.43465579120755e-05,0.0100493760145246,-0.00770109060414123,0.0581468264276419
327.1578750373,-0.00747948603585232,0.00360649925289669,-0.000795750975139396,0.0584188888539119,-3.90001970141077e-05,0.00997483572379063,-0.00760191070507733,0.0577641010283014
329.426763456268,-0.0074077306800547,0.00362715777553326,-0.000752821335919402,0.0579816157181501,-3.38122064865111e-05,0.00990085558071344,-0.0075039627574073,0.0573837196892838
331.711386953162,-0.00733639083749697,0.00364713364006972,-0.000711056028627436,0.057547647241228,-2.87793032009945e-05,0.00982743204905231,-0.00740723204490859,0.0570056707185173
334.011854653082,-0.00726546881703852,0.00366643447682858,-0.000670431562446934,0.057116963373011,-2.38982516404017e-05,0.00975456159182933,-0.00731170402449247,0.0566299424379348
336.328276437929,-0.00719496685126389,0.00368506792545515,-0.000630924785063188,0.0566895440186729,-1.91658636155563e-05,0.00968224067186808,-0.00721736432410469,0.056256523184568
338.660762951648,-0.00712488709592274,0.00370304163325481,-0.00059251288061943,0.0562653690429206,-1.45789979758189e-05,0.00961046575232673,-0.00712419874064882,0.0558854013116047
341.009425605519,-0.00705523162942473,0.00372036325352525,-0.000555173367627706,0.0558444182741691,-1.01345603134284e-05,0.00953923329722487,-0.00703219323793209,0.0555165651894103
343.374376583475,-0.00698600245238897,0.00373704044388502,-0.000518884096835305,0.0554266715086672,-5.82950266173423e-06,0.00946853977196442,-0.00694133394463421,0.0551500032065153
345.75572884746,-0.00691720148724762,0.00375308086460036,-0.000483623249047571,0.0550121085145718,-1.66082318741787e-06,0.00939838164384411,-0.00685160715229883,0.0547857037705684
348.153596142828,-0.00684883057790318,0.0037684921769118,-0.000449369332907902,0.0546007090359699,2.374434123188e-06,0.00932875538256757,-0.00676299931334796,0.0544236553092569
350.568093003772,-0.00678089148943881,0.00378328204136224,-0.000416101182635824,0.0541924527968484,6.27917978356964e-06,0.00925965746074489,-0.0066754970391194,0.0540638462711956
352.999334758797,-0.00671338590788119,0.00379745811612804,-0.000383797955724031,0.0537873195050104,1.00562791321751e-05,0.00919108435438738,-0.00658908709792694,0.0537062651267835
355.44743753623,-0.00664631544001524,0.00381102805535478,-0.000352439130595412,0.0533852888559362,1.37085526630987e-05,0.00912303254339555,-0.00650375641314371,0.0533509003690315
357.912518269762,-0.00657968161325008,0.00382399950749903,-0.000322004504220911,0.0529863405365906,1.72387763621854e-05,0.00905549851204022,-0.00641949206130835,0.0529977405143599
360.39469470404,-0.00651348587553539,0.00383638011367779,-0.000292474189699347,0.0525904542291727,2.06496820484161e-05,0.00898847874943632,-0.0063362812702541,0.0526467741033674
362.894085400285,-0.00644772959532754,0.00384817750602695,-0.000263828613800173,0.0521976096148111,2.39439577204368e-05,0.00892196975000978,-0.00625411141726088,0.052297989701573
365.410809741959,-0.00638241406160459,0.00385939930607015,-0.00023604851447027,0.0518077863771996,2.7124247908087e-05,0.00885596801395687,-0.00617297002723005,0.0519513759001298
367.944987940466,-0.00631754048392942,0.00387005312309941,-0.000209114938305792,0.0514209642061772,3.01931540287859e-05,0.00879047004769631,-0.006092844770882,0.0516069213165136
370.496741040893,-0.00625310999256003,0.00388014655256892,-0.000183009237990322,0.051037122801248,3.31532347486124e-05,0.00872547236431371,-0.0060137234629764,0.0512646145951859
373.066190927794,-0.0061891236386062,0.00388968717450312,-0.00015771306970032,0.0506562418750429,3.60070063479395e-05,0.00866097148399857,-0.00593559406055499,0.0509244444082318
375.653460331008,-0.00612558239423147,0.00389868255192044,-0.000133208390479109,0.0502783011567217,3.87569430914558e-05,0.0085969639344734,-0.00585844466120686,0.050586399455974
378.258672831527,-0.00606248715289963,0.00390714022927376,-0.000109477455580612,0.0499032803953145,4.14054776024131e-05,0.00853344625141526,-0.0057822635013561,0.0502504684675647
380.881952867393,-0.00599983872966459,0.00391506773090882,-8.6502815783914e-05,0.0495311593630037,4.39550012409402e-05,0.00847041497886922,-0.00570703895457158,0.0499166402015532
383.523425739646,-0.00593763786150271,0.00392247255954163,-6.42673146799867e-05,0.0491619178583439,4.64078644862527e-05,0.00840786666965406,-0.0056327595298989,0.0495849034464333
386.183217618305,-0.00587588520768655,0.00392936219475594,-4.27540859317564e-05,0.0487955357094211,4.87663773225903e-05,0.00834579788575991,-0.00555941387021419,0.0492552470211689
388.861455548399,-0.00581458135019889,0.00393574409152176,-2.19465505087125e-05,0.0484319927769499,5.1032809628715e-05,0.00828420519873771,-0.0054869907505997,0.0489276597756986
391.558267456034,-0.00575372679418619,0.00394162567873588,-1.82841389738658e-06,0.0480712689573095,5.32093915707894e-05,0.00822308519008077,-0.00541547907674098,0.0486021305914216
394.273782154498,-0.00569332196845009,0.00394701435778538,1.76163367110807e-05,0.0477133441855163,5.52983139984656e-05,0.00816243445159797,-0.00534486788334551,0.0482786483816637
397.008129350424,-0.00563336722597608,0.00395191750113486,3.64034352550403e-05,0.0473581984381347,5.73017288440096e-05,0.00810224958577879,-0.00527514633258245,0.0479572020921248
399.761439649975,-0.00557386284449811,0.00395634245093831,5.45483396567686e-05,0.0470058117361254,5.92217495242817e-05,0.00804252720615011,-0.00520630371254357,0.0476377807013083
402.533844565089,-0.00551480902709809,0.0039602965176764,7.20662346960109e-05,0.0466561641476302,6.10604513453959e-05,0.00798326393762469,-0.0051383294357249,0.0473203732209334
405.325476519761,-0.00545620590283906,0.00396378697881983,8.89720349013133e-05,0.0463092357906944,6.28198719098808e-05,0.00792445641684134,-0.00507121303752906,0.0470049686963306
408.136468856361,-0.00539805352743095,0.00396682107751957,0.000105280387457897,0.0459650068359265,6.45020115261596e-05,0.00786610129249672,-0.00500494417478803,0.0466915562068205
410.966955842014,-0.0053403518839277,0.00396940602132442,0.000121005675130765,0.0456234575090936,6.61088336201775e-05,0.00780819522566879,-0.00493951262430604,0.046380124866077
413.817072675003,-0.00528310088345471,0.0039715489809267,0.000136162019201776,0.0452845680936552,6.76422651489895e-05,0.00775073489013194,-0.00487490828142256,0.0460706638224757
416.686955491232,-0.00522630036596533,0.00397325708893652,0.000150763282419394,0.044948318933233,6.91041970161348e-05,0.0076937169726636,-0.00481112115859487,0.0457631622594271
419.576741370729,-0.00516995010102527,0.00397453743868515,0.000164823071959866,0.0446146904340185,7.04964844886164e-05,0.00763713817334266,-0.00474814138400035,0.0454576093956956
422.486568344193,-0.00511404978862383,0.00397539708305788,0.000178354742398541,0.0442836630671167,7.1820947615315e-05,0.00758099520583937,-0.00468595920015786,0.0451539944857052
425.416575399583,-0.00505859906001066,0.00397584303335698,0.000191371398690076,0.0439552173708285,7.307937164665e-05,0.00752528479769689,-0.00462456496256831,0.0448523068198316
428.366902488763,-0.00500359747855699,0.00397588225819497,0.000203885899156295,0.0436293339528697,7.42735074553214e-05,0.00747000369060461,-0.00456394913837392,0.0445525357246811
431.337690534184,-0.0049490445406402,0.00397552168241858,0.000215910858480431,0.0433059934925276,7.54050719579567e-05,0.00741514864066296,-0.00450410230503616,0.0442546705633582
434.329081435613,-0.00489493967655043,0.0039747681860638,0.00022745865070655,0.0429851767427563,7.64757485374823e-05,0.00736071641864011,-0.00444501514903183,0.0439587007357202
437.341218076915,-0.00484128225141828,0.00397362860334211,0.000238541412242947,0.0426668645322099,7.74871874660611e-05,0.00730670381022023,-0.0043866784645674,0.0436646156786208
440.374244332875,-0.00478807156616225,0.00397210972165831,0.000249171044868255,0.0423510377672136,7.84410063284152e-05,0.00725310761624362,-0.00432908315231098,0.0433724048661424
443.428305076071,-0.00473530685845501,0.00397021828065991,0.000259359218739185,0.0420376774336753,7.93387904453738e-05,0.00719992465293863,-0.00427222021814198,0.0430820578098178
446.503546183793,-0.00468298730370724,0.0039679609713185,0.000269117375398592,0.0417267645989346,8.01820932974773e-05,0.00714715175214539,-0.00421608077191798,0.0427935640588413
449.600114545014,-0.00463111201606794,0.00396534443504293,0.000278456730782834,0.041418280413553,8.09724369484762e-05,0.00709478576153147,-0.00416065602625873,0.0425069132002697
452.718158067401,-0.0045796800494402,0.00396237526282457,0.00028738827822722,0.0411122061130438,8.17113124685646e-05,0.00704282354479951,-0.00410593729534692,0.0422220948592144
455.857825684385,-0.00452869039851127,0.00395905999441469,0.000295922791468423,0.0408085230195419,8.2400180357187e-05,0.00699126198188682,-0.00405191599374546,0.0419390986990233
459.01926736227,-0.00447814199979585,0.00395540511753379,0.000304070827642797,0.040507212543416,8.30404709652676e-05,0.00694009796915707,-0.0039985836352311,0.0416579144214537
462.202634107401,-0.00442803373269165,0.00395141706711311,0.000311842730279498,0.0402082561848212,8.36335849167048e-05,0.00688932841958416,-0.00394593183164407,0.0413785317668377
465.408077973374,-0.00437836442054611,0.00394710222456804,0.000319248632287345,0.0399116355351946,8.41808935289867e-05,0.00683895026292824,-0.00389395229175351,0.0411009405142375
468.635752068297,-0.00432913283173318,0.00394246691710355,0.000326298458934385,0.0396173322786934,8.46837392327738e-05,0.00678896044590402,-0.00384263682013842,0.0408251304815941
471.885810562108,-0.00428033768073936,0.00393751741705132,0.00033300193081916,0.0393253281935761,8.5143435990311e-05,0.00673935593234151,-0.00379197731608391,0.0405510915258674
475.158408693936,-0.00423197762925779,0.00393225994123862,0.000339368566832676,0.0390356051535278,8.55612697125264e-05,0.00669013370333912,-0.00374196577249249,0.040278813543169
478.453702779515,-0.00418405128728963,0.00392670065038861,0.000345407687110092,0.0387481451289304,8.59384986746769e-05,0.00664129075740932,-0.00369259427481013,0.0400082864688878
481.771850218653,-0.00413655721425159,0.00392084564855204,0.0003511284159712,0.0384629301880775,8.62763539304123e-05,0.0065928241106169,-0.00364385499996685,0.0397395002778083
485.113009502749,-0.00408949392008885,0.00391470098256991,0.00035653968484878,0.0381799424983358,8.65760397241205e-05,0.00654473079670996,-0.00359574021533164,0.0394724449842229
488.477340222363,-0.00404285986639231,0.0039082726415671,0.000361650235203908,0.0378991643272525,8.68387339014329e-05,0.00649700786724368,-0.00354824227768146,0.0392071106420365
491.865003074839,-0.00399665346751942,0.00390156655647649,0.000366468621427368,0.0376205780436106,8.70655883177632e-05,0.00644965239169693,-0.00350135363218393,0.038943487344866
495.276159871982,-0.00395087309171758,0.00389458859959334,0.000371003213726315,0.0373441661184317,8.72577292447559e-05,0.00640266145758195,-0.00345506681139376,0.0386815652261328
498.710973547785,-0.00390551706224949,0.00388734458415979,0.000375262200995363,0.0370699111259285,8.74162577745386e-05,0.00635603217054707,-0.00340937443426242,0.0384213344591501
502.169608166212,-0.00386058365851929,0.00387984026397883,0.000379253593671302,0.0367977957444058,8.75422502216507e-05,0.00630976165447262,-0.00336426920516096,0.0381627852572038
505.652228929035,-0.003816071117199,0.00387208133305768,0.000382985226570706,0.0365278027571123,8.76367585225551e-05,0.00626384705156013,-0.0033197439129157,0.037905907873629
509.159002183727,-0.00377197763335435,0.0038640734252801,0.000386464761709622,0.036259915053044,8.77008106326104e-05,0.00621828552241493,-0.00327579142985655,0.0376506926018799
512.690095431402,-0.0037283013615692,0.00385582211410719,0.000389699691104694,0.0359941156276988,8.77354109204185e-05,0.00617307424612233,-0.00323240471087786,0.0373971297755955
516.245677334823,-0.00368504041706789,0.0038473329123064,0.00039269733955499,0.0357303875837841,8.77415405594347e-05,0.00612821042031725,-0.00318957679251135,0.0371452097686601
519.825917726449,-0.00364219287683478,0.0038386112717083,0.000395464867403875,0.0354687141318779,8.7720157916758e-05,0.00608369126124775,-0.00314730079201113,0.0368949229952591
523.430987616559,-0.0035997567807303,0.00382966258299053,0.000398009273280306,0.0352090785910448,8.76721989390008e-05,0.00603951400383232,-0.00310556990645047,0.0366462599099299
527.061059201407,-0.00355773013260281,0.00382049217548881,0.000400337396818917,0.0349514643894059,8.75985775351594e-05,0.0059956759017111,-0.00306437741183012,0.0363992110076082
530.716305871459,-0.00351611090139568,0.00381110531703422,0.000402455921358309,0.0346958550646664,8.75001859563931e-05,0.00595217422729122,-0.00302371666219803,0.0361537668236711
534.396902219665,-0.00347489702224889,0.00380150721381651,0.000404371376617019,0.0344422342645987,8.73778951726436e-05,0.00590900627178631,-0.0029835810887802,0.0359099179339741
538.103024049808,-0.00343408639759464,0.00379170301027285,0.000406090141346579,0.034190585747484,8.72325552460061e-05,0.00586616934525028,-0.0029439641991225,0.0356676549548857
541.834848384891,-0.00339367689824634,0.0037816977890016,0.0004076184459612,0.0339408933825125,8.7064995700789e-05,0.00582366077660557,-0.00290485957624324,0.0354269685433174
545.592553475602,-0.00335366636448043,0.0037714965707006,0.000408962375143586,0.0336931411501424,8.6876025890191e-05,0.00578147791366583,-0.00286626087779633,0.0351878493967495
549.376318808822,-0.00331405260711051,0.00376110431412942,0.000410127870426412,0.0334473131424197,8.66664353595269e-05,0.00573961812315343,-0.00282816183524478,0.0349502882532541
553.1863251162,-0.00327483340855324,0.00375052591609512,0.000411120732749037,0.0332033935632596,8.64369942059464e-05,0.00569807879071156,-0.00279055625304443,0.0347142758915136
557.022754382788,-0.00323600652388561,0.00373976621146106,0.000411946624989063,0.0329613667286887,8.6188453434584e-05,0.0056568573209113,-0.00275343800783764,0.0344798031308359
560.885789855729,-0.00319756968189296,0.00372882997317805,0.000412611074468317,0.0327212170670515,8.59215453110849e-05,0.0056159511372537,-0.00271680104765688,0.0342468608311671
564.775616053012,-0.0031595205861075,0.00371772191233756,0.000413119475432943,0.0324829291191795,8.56369837104597e-05,0.005575357682167,-0.00268063939113787,0.0340154398930993
568.692418772287,-0.00312185691583672,0.00370644667824632,0.000413477091507231,0.0322464875385255,8.53354644622145e-05,0.00553507441699904,-0.00264494712674229,0.0337855312578767
572.636385099737,-0.0030845763271814,0.00369500885852171,0.000413689058120896,0.0320118770912634,8.50176656917184e-05,0.00549509882200507,-0.00260971841198974,0.0335571259073974
576.607703419018,-0.00304767645404285,0.00368341297920764,0.000413760384909507,0.0317790826563541,8.46842481577623e-05,0.00545542839633104,-0.00257494747269891,0.0333302148642133
580.606563420252,-0.00301115490911891,0.0036716635049102,0.000413695958087797,0.0315480892255785,8.43358555862723e-05,0.00541606065799249,-0.00254062860223763,0.0331047891915256
584.633156109091,-0.00297500928488852,0.00365976483895252,0.000413500542795626,0.0313188819035389,8.39731150001445e-05,0.00537699314384914,-0.00250675616078186,0.0328808399931789
588.687673815838,-0.00293923715458437,0.0036477213235485,0.000413178785416353,0.0310914459076291,8.35966370451681e-05,0.00533822340957536,-0.00247332457458329,0.0326583584136516
592.77031020464,-0.00290383607315351,0.00363553723999464,0.000412735215867441,0.0308657665679738,8.32070163120099e-05,0.00529974902962647,-0.00244032833524543,0.0324373356380434
596.881260282727,-0.00286880357820549,0.00362321680887964,0.000412174249863094,0.0306418293273393,8.28048316542316e-05,0.00526156759720128,-0.00240776199900815,0.0322177628920611
601.020720409738,-0.00283413719094784,0.00361076419031105,0.000411500191148783,0.0304196197410149,8.23906465023205e-05,0.00522367672420067,-0.00237562018604039,0.0319996314420005
605.188888307094,-0.00279983441710862,0.00359818348415864,0.000410717233707512,0.0301991234766669,8.1965009173713e-05,0.00518607404118249,-0.00234389757974094,0.0317829325947266
609.385963067442,-0.00276589274784588,0.0035854787303137,0.000409829463937718,0.0299803263141655,8.15284531787926e-05,0.00514875719731293,-0.00231258892604725,0.0315676576976514
613.612145164168,-0.00273230966064365,0.00357265390896402,0.000408840862802685,0.0297632141453851,8.10814975228492e-05,0.0051117238603143,-0.00228168903275196,0.0313537981387084
617.867636460969,-0.00269908262019451,0.00355971294088385,0.000407755307951417,0.0295477729739802,8.06246470039904e-05,0.00507497171640954,-0.00225119276882717,0.0311413453463253
622.152640221499,-0.00266620907926836,0.00354665968773835,0.000406576575810885,0.0293339889151354,8.01583925069899e-05,0.00503849847026342,-0.00222109506375623,0.0309302907893946
626.467361119072,-0.00263368647956732,0.00353349795240201,0.000405308343649613,0.0291218481952926,7.96832112930737e-05,0.00500230184492056,-0.00219139090687301,0.0307206259772412
630.812005246445,-0.00260151225256662,0.00352023147929063,0.000403954191612578,0.0289113371518549,7.91995672856355e-05,0.00496637958174043,-0.0021620753467084,0.0305123424595883
635.186780125658,-0.00256968382034137,0.00350686395470613,0.000402517604727405,0.0287024422328675,7.87079113518813e-05,0.00493072944032943,-0.00213314349034408,0.0303054318265207
639.591894717946,-0.00253819859637896,0.00349339900719396,0.000401001974881875,0.0284951499966785,7.82086815804029e-05,0.00489534919847009,-0.00210459050277329,0.0300998857084463
644.027559433723,-0.00250705398637728,0.00347984020791238,0.000399410602772743,0.0282894471115773,7.77023035546867e-05,0.00486023665204756,-0.00207641160626861,0.0298956957760551
648.493986142629,-0.00247624738902831,0.00346619107101325,0.000397746699825938,0.028085320355414,7.71891906225577e-05,0.00482538961497344,-0.00204860207975659,0.0296928537402764
652.991388183652,-0.00244577619678732,0.00345245505403379,0.000396013390088161,0.0278827566151992,7.66697441615708e-05,0.00479080591910711,-0.00202115725819906,0.0294913513522337
657.519980375318,-0.00241563779662747,0.00343863555829889,0.000394213712089966,0.027681742886685,7.61443538403553e-05,0.00475648341417461,-0.00199407253198116,0.0292911804031979
662.07997902595,-0.00238582957077982,0.00342473592933336,0.000392350620680406,0.027482266273928,7.56133978759276e-05,0.0047224199676852,-0.00196734334630588,0.0290923327245382
666.671601944003,-0.00235634889745866,0.00341075945728386,0.000390426988833315,0.0272843139888359,7.50772432869805e-05,0.00468861346484562,-0.00194096520059499,0.0288948001876709
671.295068448464,-0.00232719315157221,0.00339670937734988,0.000388445609425363,0.0270878733506959,7.45362461431684e-05,0.00465506180847228,-0.00191493364789637,0.0286985747040071
675.950599379332,-0.00229835970541869,0.00338258887022334,0.000386409196985966,0.0268929317856889,7.39907518104034e-05,0.00462176291890133,-0.00188924429429755,0.0285036482248973
680.638417108163,-0.00226984592936766,0.00336840106253647,0.00038432038941921,0.0266994768263876,7.34410951921804e-05,0.00458871473389683,-0.00186389279834545,0.0283100127415753
685.358745548692,-0.00224164919252684,0.00335414902731745,0.000382181749697917,0.0265074961112397,7.28876009669518e-05,0.00455591520855698,-0.00183887487047213,0.0281176602850992
690.11181016753,-0.00221376686339414,0.00333983578445333,0.000379995767529998,0.0263169773840382,7.23305838215745e-05,0.0045233623152186,-0.00181418627242654,0.0279265829262917
694.897837994932,-0.00218619631049533,0.00332546430115997,0.000377764860997272,0.0261279084933771,7.17703486808493e-05,0.00449105404335991,-0.0017898228167122,0.0277367727756776
699.717057635642,-0.00215893490300699,0.0033110374924584,0.000375491378166906,0.0259402773920955,7.12071909331819e-05,0.00445898839950167,-0.00176578036603064,0.0275482219834201
704.569699279812,-0.0021319800113651,0.00329655822165735,0.000373177598675665,0.0257540721367082,7.06413966523856e-05,0.0044271634071068,-0.0017420548327306,0.0273609227392554
709.455994713995,-0.0021053290078592,0.00328202930084144,0.000370825735287171,0.0255692808868267,7.00732428156594e-05,0.00439557710647855,-0.00171864217826287,0.0271748672724253
714.376177332221,-0.00207897926721219,0.0032674534913647,0.000368437935422346,0.0253858919045669,6.95029975177638e-05,0.0043642275546573,-0.00169553841264077,0.0269900478516082
719.33048214714,-0.00205292816714591,0.00325283350434906,0.00036601628266327,0.0252038935539482,6.89309201814279e-05,0.00433311282531602,-0.00167273959390601,0.0268064567848486
724.31914580125,-0.00202717308893252,0.00323817200118731,0.000363562798230669,0.0250232743002817,6.83572617640178e-05,0.00430223100865458,-0.00165024182760011,0.0266240864194848
729.342406578201,-0.00200171141793186,0.00322347159405037,0.000361079442435223,0.0248440227095497,6.77822649604958e-05,0.00427158021129286,-0.00162804126624113,0.0264429291420752
734.400504414174,-0.00197654054411481,0.00320873484639835,0.00035856811610297,0.0246661274477754,6.72061644027073e-05,0.00424115855616279,-0.00160613410880567,0.0262629773783227
739.493680909344,-0.0019516578625728,0.00319396427349507,0.000356030661975006,0.0244895772803857,6.66291868550241e-05,0.0042109641823994,-0.00158451660021615,0.0260842235929976
744.622179339418,-0.0019270607740136,0.0031791623429258,0.000353468866081737,0.0243143610715648,6.60515514063834e-05,0.00418099524523096,-0.00156318503083319,0.0259066602898594
749.786244667259,-0.00190274668524352,0.00316433147511781,0.000350884459091931,0.024140467783601,6.54734696587534e-05,0.00415124991586816,-0.0015421357359532,0.0257302800115763
754.98612355458,-0.00187871300963602,0.00314947404386337,0.000348279117636821,0.0239678864762271,6.48951459120662e-05,0.00412172638139262,-0.00152136509531087,0.0255550753396437
760.222064373731,-0.00185495716758713,0.00313459237684504,0.000345654465609514,0.0237966063059539,6.43167773456514e-05,0.00409242284464457,-0.00150086953258673,0.0253810388943013
765.494317219563,-0.0018314765869575,0.00311968875616275,0.000343012075439972,0.0236266165253974,6.37385541962081e-05,0.00406333752410985,-0.00148064551491961,0.0252081633344484
770.803133921369,-0.00180826870350147,0.0031047654188625,0.000340353469345839,0.0234579064826013,6.31606599323565e-05,0.00403446865380637,-0.00146068955242401,0.0250364413575578
776.148768054917,-0.00178533096128325,0.00308982455746642,0.000337680120559365,0.0232904656203539,6.25832714258043e-05,0.00400581448316992,-0.00144099819771213,0.0248658656995886
781.531474954562,-0.00176266081308017,0.00307486832050377,0.000334993454530721,0.0231242834755006,6.20065591191681e-05,0.00397737327693958,-0.00142156804542085,0.0246964291348972
786.951511725437,-0.00174025572077353,0.00305989881304269,0.000332294850107983,0.0229593496782519,6.14306871904913e-05,0.00394914331504261,-0.00140239573174329,0.024528124476147
792.40913725574,-0.00171811315572682,0.00304491809722253,0.00032958564069404,0.0227956539514875,6.08558137144958e-05,0.00392112289247898,-0.00138347793396503,0.024360944574217
797.904612229097,-0.00169623059915172,0.00302992819278627,0.000326867115380751,0.0226331861100572,6.02820908206105e-05,0.00389331031920556,-0.00136481137000497,0.0241948823181087
803.438199137013,-0.00167460554246198,0.00301493107761308,0.000324140520060592,0.0224719360600788,5.97096648478152e-05,0.00386570392002007,-0.00134639279796073,0.0240299306348519
809.01016229141,-0.00165323548761534,0.00299992868825045,0.000321407058516128,0.0223118937982324,5.91386764963431e-05,0.00383830203444469,-0.00132821901565851,0.0238660824894091
814.620767837254,-0.00163211794744358,0.00298492292044596,0.000318667893487552,0.0221530494110533,5.8569260976282e-05,0.00381110301660963,-0.00131028686020746,0.0237033308845786
820.270283765263,-0.0016112504459711,0.00296991562967834,0.000315924147718624,0.0219953930742224,5.8001548153116e-05,0.00378410523513641,-0.00129259320755845,0.0235416688608962
825.958979924714,-0.0015906305187219,0.00295490863168744,0.000313176904981272,0.0218389150518547,5.74356626902498e-05,0.00375730707302117,-0.0012751349720672,0.0233810894965361
831.687128036326,-0.00157025571301542,0.0029399037030033,0.000310427211079176,0.0216836056957868,5.68717241885583e-05,0.00373070692751785,-0.00125790910606169,0.02322158590721
837.455001705243,-0.0015501235882512,0.00292490258147367,0.000307676074830605,0.0215294554448627,5.63098473230013e-05,0.00370430321002141,-0.00124091259941392,0.0230631512460654
843.262876434102,-0.0015302317161827,0.00290990696679011,0.000304924469030815,0.0213764548242197,5.57501419763479e-05,0.00367809434595104,-0.00122414247911588,0.0229057787035824
849.111029636188,-0.00151057768118038,0.00289491852101233,0.000302173331394308,0.0212245944445727,5.51927133700522e-05,0.00365207877463349,-0.00120759580885968,0.0227494615074695
854.999740648693,-0.00149115908048415,0.00287993886909065,0.000299423565477235,0.021073865001499,5.4637662192321e-05,0.00362625494918646,-0.00119126968862189,0.0225941929225584
860.92929074605,-0.00147197352444559,0.00286496959938636,0.000296676041580257,0.0209242572747232,5.40850847234184e-05,0.0036006213364022,-0.00117516125425198,0.0224399662506971
866.899963153375,-0.00145301863675991,0.00285001226418987,0.000293931597632134,0.0207757621274015,5.35350729582469e-05,0.00357517641663124,-0.00115926767706479,0.0222867748306426
872.91204305999,-0.0014342920546879,0.0028350683802364,0.000291191040054367,0.0206283705054077,5.29877147262489e-05,0.00354991868366634,-0.00114358616343714,0.0221346120379519
878.965817633049,-0.00141579142926809,0.0028201394292192,0.000288455144607163,0.0204820734366193,5.24430938086707e-05,0.00352484664462673,-0.00112811395440833,0.0219834712848724
885.061576031251,-0.00139751442551933,0.00280522685830003,0.000285724657217035,0.0203368620302046,5.19012900532285e-05,0.00349995881984262,-0.0011128483252847,0.0218333460202307
891.199609418655,-0.00137945872263381,0.00279033208061678,0.000283000294786312,0.0201927274759113,5.13623794862223e-05,0.00347525374273997,-0.00109778658524803,0.0216842297293208
897.380210978585,-0.00136162201416093,0.00277545647578818,0.000280282745984875,0.0200496610433565,5.08264344221355e-05,0.0034507299597257,-0.00108292607696794,0.0215361159337913
903.603675927636,-0.00134400200818197,0.00276060139041531,0.000277572672024379,0.0199076540813181,5.02935235707633e-05,0.00342638603007317,-0.00106826417621809,0.0213889981915311
909.870301529772,-0.00132659642747603,0.00274576813858003,0.000274870707415285,0.0197666980170288,4.97637121419127e-05,0.00340222052580812,-0.00105379829149614,0.0212428700965547
916.18038711053,-0.00130940300967707,0.00273095800233996,0.000272177460706955,0.0196267843554711,4.92370619477117e-05,0.00337823203159503,-0.00103952586364769,0.0210977252788861
922.534234071309,-0.00129241950742252,0.00271617223222003,0.000269493515211124,0.0194879046786751,4.87136315025712e-05,0.00335441914462392,-0.00102544436549377,0.0209535574044422
928.932145903777,-0.00127564368849354,0.00270141204770056,0.000266819429709016,0.0193500506450193,4.81934761208395e-05,0.00333078047449759,-0.0010115513014622,0.0208103601749144
935.374428204358,-0.00125907333594705,0.00268667863770158,0.000264155739142395,0.0192132139885327,4.76766480121891e-05,0.0033073146431194,-0.000997844207222564,0.0206681273276506
941.861388688833,-0.00124270624823981,0.00267197316106351,0.000261502955288831,0.0190773865182008,4.71631963747763e-05,0.00328402028458158,-0.000984320649324939,0.0205268526355351
948.39333720704,-0.00122654023934463,0.00265729674702391,0.00025886156742145,0.0189425601172738,4.66531674862133e-05,0.00326089604505399,-0.000970978224842144,0.0203865299068683
954.970585757668,-0.001210573138859,0.00264265049569042,0.000256232042953457,0.0188087267425784,4.61466047923917e-05,0.00323794058267356,-0.000957814561015674,0.0202471529852455
961.593448503166,-0.00119480279210622,0.00262803547850965,0.000253614828067695,0.0186758784238321,4.56435489941973e-05,0.00321515256743421,-0.000944827314905178,0.0201087157494342
968.262241784745,-0.00117922706022919,0.00261345273873198,0.000251010348331523,0.0185440072629615,4.51440381321531e-05,0.00319253068107738,-0.000932014173041474,0.0199712121132519
974.977284137491,-0.00116384382027715,0.00259890329187231,0.000248419009297266,0.0184131054334238,4.46481076690318e-05,0.00317007361698326,-0.000919372851083093,0.0198346360254419
981.738896305574,-0.00114865096528544,0.00258438812616653,0.000245841197088517,0.0182831651795317,4.41557905704722e-05,0.00314778008006249,-0.000906901093476288,0.0196989814695484
988.547401257578,-0.00113364640434841,0.0025699082030238,0.00024327727897255,0.0181541788157825,4.36671173836399e-05,0.00312564878664866,-0.000894596673118515,0.0195642424637921
995.403124201917,-0.00111882806268581,0.00255546445747443,0.0002407276039191,0.0180261387261902,4.31821163139679e-05,0.00310367846439133,-0.000882457391025328,0.0194304130609433
1002.30639260238,-0.00110419388170268,0.00254105779861355,0.000238192503145775,0.0178990373636224,4.27008133000153e-05,0.00308186785214986,-0.000870481076000677,0.0192974873481955
1009.25753619375,-0.0010897418190429,0.00252668911004018,0.000235672290650358,0.0177728672491405,4.2223232086478e-05,0.00306021569988782,-0.000858665584310579,0.0191654594470382
1016.2568869976,-0.0010754698486367,0.00251235925029198,0.000233167263730234,0.0176476209713444,4.17493942953904e-05,0.00303872076856808,-0.000847008799360119,0.0190343235131282
1023.30477933808,-0.00106137596074215,0.0024980690532755,0.000230677703489222,0.0175232911857216,4.12793194955521e-05,0.00301738183004876,-0.000835508631373795,0.0189040737361612
1030.40154985798,-0.00104745816198079,0.00248381932869182,0.000228203875332015,0.0173998706139995,4.0813025270213e-05,0.00299619766697967,-0.000824163017079106,0.0187747043397423
1037.5475375347,-0.00103371447536771,0.00246961086245772,0.000225746029446527,0.0172773520435038,4.0350527283057e-05,0.00297516707269971,-0.000812969919393456,0.0186462095812558
1044.74308369654,-0.00102014294033601,0.00245544441712221,0.000223304401274331,0.0171557283265192,3.98918393425103e-05,0.0029542888511348,-0.000801927327114236,0.0185185837517348
1051.98853203895,-0.001006741612756,0.00244132073227846,0.000220879211969473,0.0170349923796569,3.94369734644172e-05,0.00293356181669675,-0.000791033254612172,0.0183918211757296
1059.28422864097,-0.000993508564949094,0.00242724052497113,0.000218470668845858,0.0169151371832245,3.89859399331084e-05,0.00291298479418267,-0.000780285741527797,0.0182659162111761
1066.63052198171,-0.000980441885696775,0.00241320449009898,0.000216078965813472,0.0167961557806022,3.85387473609022e-05,0.00289255661867538,-0.000769682852471138,0.0181408632492635
1074.02776295709,-0.000967539680244499,0.00239921330081286,0.00021370428380364,0.0166780412776222,3.8095402746064e-05,0.00287227613544435,-0.000759222676724477,0.0180166567143012
1081.4763048965,-0.000954800070300946,0.00238526760890902,0.00021134679118357,0.0165607868419545,3.76559115292631e-05,0.0028521421998476,-0.000748903327948274,0.0178932910635856
1088.97650357974,-0.000942221194032561,0.00237136804521773,0.000209006644160382,0.0164443857024959,3.72202776485517e-05,0.00283215367723429,-0.000738722943890111,0.0177707607872658
1096.52871725401,-0.000929801206053656,0.00235751521998714,0.000206683987174864,0.0163288311487646,3.67885035929036e-05,0.00281230944284808,-0.000728679686096748,0.01764906040821
1104.13330665098,-0.000917538277412102,0.00234370972326254,0.00020437895328514,0.0162141165302995,3.63605904543365e-05,0.00279260838173133,-0.00071877173962916,0.0175281844818697
1111.79063500406,-0.000905430595570853,0.00232995212526087,0.000202091664540502,0.0161002352560644,3.59365379786561e-05,0.00277304938863009,-0.000708997312780616,0.0174081275961453
1119.50106806575,-0.000893476364385316,0.00231624297674045,0.000199822232345576,0.0159871807938573,3.55163446148425e-05,0.00275363136789981,-0.00069935463679771,0.0172888843712497
1127.26497412507,-0.000881673804076821,0.00230258280936621,0.000197570757815055,0.015874946669724,3.51000075631177e-05,0.00273435323341197,-0.000689841965604377,0.0171704494595728
1135.0827240252,-0.000870021151202186,0.00228897213606997,0.000195337332119189,0.0157635264673775,3.46875228217146e-05,0.00271521390846138,-0.000680457575528801,0.0170528175455445
1142.95469118117,-0.000858516658619639,0.00227541145140628,0.000193122036820234,0.0156529138276218,3.42788852323824e-05,0.00269621232567443,-0.000671199765033278,0.0169359833454984
1150.8812515977,-0.000847158595451081,0.00226190123190338,0.000190924944200058,0.015543102447781,3.38740885246516e-05,0.00267734742691796,-0.000662066854446915,0.016819941607534
1158.86278388715,-0.000835945247040944,0.00224844193640964,0.0001887461175791,0.0154340860811332,3.34731253588896e-05,0.00265861816320915,-0.00065305718570123,0.0167046871113797
1166.89966928762,-0.00082487491491164,0.00223503400643527,0.000186585611626859,0.0153258585363498,3.30759873681712e-05,0.00264002349462603,-0.000644169122068548,0.0165902146682545
1174.99229168114,-0.000813945916715819,0.00222167786648942,0.000184443472664122,0.0152184136769393,3.26826651989929e-05,0.00262156239021892,-0.000635401047903249,0.0164765191207302
1183.14103761204,-0.000803156586185463,0.00220837392441266,0.000182319738957086,0.0151117454206968,3.22931485508539e-05,0.00260323382792259,-0.000626751368385765,0.0163635953425929
1191.34629630538,-0.000792505273078012,0.00219512257170488,0.000180214441003588,0.015005847739158,3.19074262147345e-05,0.00258503679446935,-0.000618218509269375,0.0162514382387041
1199.60845968555,-0.000781990343119536,0.00218192418384852,0.000178127601811591,0.0149007146570584,3.15254861104913e-05,0.00256697028530278,-0.000609800916629713,0.0161400427448619
1207.92792239501,-0.000771610177945165,0.00216877912062741,0.000176059237170118,0.014796340251798,3.11473153231988e-05,0.0025490333044924,-0.000601497056617023,0.016029403827662
1216.3050818131,-0.000761363175036773,0.00215568772644089,0.000174009355912796,0.0146927186529106,3.07729001384581e-05,0.00253122486464911,-0.000593305415211079,0.0159195164843579
1224.74033807505,-0.000751247747658123,0.0021426503306136,0.000171977960174189,0.0145898440415379,3.04022260767004e-05,0.00251354398684142,-0.000585224497978806,0.0158103757427216
1233.23409409112,-0.000741262324787477,0.00212966724770058,0.000169965045639073,0.0144877106499096,3.0035277926504e-05,0.00249598970051245,-0.000577252829834521,0.0157019766609038
1241.78675556577,-0.000731405351047858,0.00211673877778815,0.000167970601784824,0.0143863127608275,2.96720397769532e-05,0.00247856104339781,-0.000569388954802834,0.0155943143272937
1250.39873101711,-0.000721675286634971,0.00210386520679017,0.000165994612117075,0.0142856447071553,2.93124950490568e-05,0.00246125706144421,-0.000561631435784114,0.0154873838603794
1259.07043179635,-0.000712070607242974,0.00209104680674001,0.000164037054398801,0.0141857008713133,2.89566265262523e-05,0.0024440768087289,-0.000553978854322582,0.0153811804086069
1267.80227210752,-0.000702589803988087,0.0020782838360781,0.000162097900872979,0.0140864756847777,2.86044163840147e-05,0.0024270193473799,-0.000546429810376914,0.0152756991502407
1276.5946690272,-0.000693231383330221,0.00206557653993518,0.000160177118478986,0.0139879636275856,2.82558462185932e-05,0.00241008374749694,-0.000538982922093419,0.0151709352932222
1285.44804252445,-0.000683993866992663,0.00205292515041127,0.00015827466906287,0.0138901592278445,2.79108970748964e-05,0.00239326908707339,-0.000531636825581718,0.0150668840750301
1294.36281548089,-0.000674875791879898,0.00204032988685026,0.000156390509581643,0.0137930570612463,2.7569549473545e-05,0.00237657445191868,-0.000524390174692904,0.0149635407625394
1303.33941371088,-0.0006658757099937,0.00202779095611044,0.00015452459230175,0.0136966517505877,2.72317834371148e-05,0.00235999893558178,-0.000517241640800198,0.0148609006518805
1312.37826598188,-0.000656992188347507,0.00201530855283065,0.000152676864991826,0.013600937965294,2.68975785155878e-05,0.00234354163927527,-0.000510189912582022,0.0147589590682985
1321.47980403488,-0.00064822380887923,0.00200288285969244,0.000150847271109916,0.0135059104209482,2.65669138110308e-05,0.00232720167180025,-0.000503233695807529,0.0146577113660127
1330.6444626051,-0.000639569168362504,0.00199051404767794,0.000149035749985251,0.0134115638788259,2.62397680015228e-05,0.00231097814947203,-0.000496371713124515,0.0145571529280756
1339.87267944269,-0.000631026878316527,0.00197820227632379,0.000147242236994748,0.0133178931454335,2.59161193643459e-05,0.00229487019604653,-0.000489602703849731,0.0144572791662318
1349.16489533366,-0.000622595564914487,0.00196594769397092,0.000145466663734337,0.0132248930720525,2.5595945798462e-05,0.00227887694264747,-0.000482925423761536,0.0143580855207776
1358.52155412096,-0.00061427386889073,0.00195375043801036,0.000143708958185251,0.013132558554288,2.52792248462901e-05,0.00226299752769437,-0.000476338644894923,0.0142595674604199
1367.94310272563,-0.000606060445446658,0.00194161063512507,0.00014196904487541,0.0130408845316218,2.4965933714804e-05,0.00224723109683113,-0.000469841155338824,0.0141617204821357
1377.42999116818,-0.0005979539641555,0.00192952840152785,0.000140246845036004,0.0129498659869709,2.46560492959654e-05,0.00223157680285559,-0.000463431759035749,0.0140645401110311
1386.98267259009,-0.000589953108865955,0.00191750384319532,0.000138542276753403,0.01285949794625,2.43495481865112e-05,0.0022160338056496,-0.000457109275583678,0.0139680219002005
1396.60160327544,-0.000582056577604837,0.0019055370560981,0.00013685525511652,0.0127697754779392,2.40464067071098e-05,0.00220060127210997,-0.000450872540040223,0.0138721614305867
1406.2872426727,-0.000574263082478724,0.00189362812642714,0.000135185692359712,0.0126806936926558,2.37466009209036e-05,0.0021852783760801,-0.000444720402729011,0.0137769543108395
1416.04005341668,-0.000566571349574734,0.00188177713081629,0.000133533498001372,0.0125922477427313,2.34501066514537e-05,0.00217006429828235,-0.000438651729048301,0.0136823961771758
1425.86050135065,-0.000558980118860419,0.00186998413656111,0.000131898578978269,0.0125044328217925,2.31568995000998e-05,0.00215495822625106,-0.000432665399281768,0.0135884826932391
1435.74905554856,-0.000551488144082915,0.00185824920183411,0.000130280839775804,0.0124172441643476,2.28669548627545e-05,0.00213995935426641,-0.000426760308411494,0.0134952095499596
1445.70618833745,-0.000544094192667317,0.00184657237589612,0.000128680182554224,0.0123306770453759,2.25802479461423e-05,0.00212506688328884,-0.000420935365933072,0.0134025724654134
1455.73237532004,-0.000536797045614432,0.00183495369930434,0.000127096507270947,0.0122447267799237,2.22967537835015e-05,0.00211028002089431,-0.000415189495672879,0.0133105671846834
1465.8280953974,-0.000529595497397857,0.00182339320411655,0.000125529711799069,0.0121593887227021,2.20164472497608e-05,0.0020955979812101,-0.000409521635607432,0.013219189479719
1475.99383079187,-0.000522488355860537,0.001811890914092,0.00012397969204216,0.0120746582676922,2.17393030762053e-05,0.0020810199848515,-0.000403930737684859,0.0131284351491968
1486.23006707006,-0.000515474442110772,0.00180044684488873,0.000122446342045444,0.0119905308477517,2.14652958646451e-05,0.00206654525885895,-0.00039841576764842,0.0130383000183806
1496.53729316606,-0.000508552590417779,0.00178906100425745,0.000120929554103457,0.0119070019342282,2.11944001011003e-05,0.00205217303663607,-0.000392975704862101,0.0129487799389831
1506.9160014048,-0.000501721648106814,0.00177773339223208,0.000119429218864275,0.0118240670365753,2.09265901690146e-05,0.00203790255788821,-0.000387609542138217,0.0128598707890256
1517.36668752555,-0.000494980475453942,0.00176646400131689,0.000117945225430402,0.011741721701974,2.06618403620103e-05,0.00202373306856176,-0.000382316285567056,0.0127715684727004
1527.88985070559,-0.000488327945580455,0.00175525281667032,0.000116477461456398,0.0116599615149568,2.04001248961977e-05,0.00200966382078404,-0.000377094954348478,0.0126838689202312
1538.4859935841,-0.000481762944347028,0.0017440998162856,0.000115025813243348,0.0115787820970383,2.01414179220502e-05,0.00199569407280394,-0.000371944580625531,0.0125967680877351
1549.15562228612,-0.000475284370247611,0.00173300497116808,0.000113590165830239,0.0114981791063474,1.98856935358567e-05,0.00198182308893312,-0.000366864209319977,0.0125102619570844
1559.89924644673,-0.000468891134303141,0.00172196824550939,0.000112170403082341,0.0114181482372655,1.96329257907644e-05,0.00196805013948788,-0.000361852897969789,0.0124243465357686
1570.71737923542,-0.000462582159955071,0.00171098959685849,0.000110766407776657,0.0113386852200679,1.93830887074206e-05,0.00195437450073169,-0.000356909716568538,0.0123390178567567
1581.61053738059,-0.000456356382958793,0.00170006897628956,0.00010937806168454,0.0112597858205693,1.91361562842277e-05,0.00194079545481833,-0.000352033747406693,0.0122542719783597
1592.57924119422,-0.000450212751276962,0.00168920632856693,0.000108005245651531,0.0111814458397733,1.88921025072191e-05,0.00192731228973562,-0.00034722408491478,0.0121701049840938
1603.62401459674,-0.000444150224972782,0.00167840159230686,0.000106647839674508,0.0111036611135263,1.86509013595687e-05,0.00191392429924984,-0.000342479835508426,0.012086512982543
1614.74538514202,-0.000438167776103263,0.00166765470013647,0.000105305722976216,0.0110264275121743,1.84125268307429e-05,0.00190063078285068,-0.000337800117435213,0.012003492107223
1625.94388404263,-0.000432264388612516,0.00165696557884967,0.000103978774077244,0.0109497409402249,1.81769529253063e-05,0.00188743104569689,-0.000333184060623376,0.0119210385164444
1637.22004619516,-0.000426439058225075,0.00164633414956022,0.000102666870865523,0.0108735973360118,1.79441536713892e-05,0.0018743243985624,-0.00032863080653229,0.0118391483931774
1648.57441020578,-0.000420690792339327,0.00163576032785191,0.000101369890663415,0.010797992671364,1.77141031288284e-05,0.00186131015778316,-0.000324139508004755,0.0117578179449155
1660.00751841599,-0.00041501860992103,0.00162524402392596,0.000100087710292447,0.0107229229512783,1.74867753969889e-05,0.00184838764520449,-0.000319709329121024,0.0116770434035403
1671.51991692849,-0.000409421541397003,0.00161478514274563,9.88202061357766e-05,0.0106483842135959,1.72621446222768e-05,0.00183555618812904,-0.00031533944505461,0.011596821025187
1683.11215563331,-0.000403898628548957,0.00160438358417814,9.75672541984258e-05,0.0105743725286823,1.70401850053515e-05,0.00182281511926528,-0.000311029041929794,0.0115171470901088
1694.78478823403,-0.000398448924407547,0.00159403924313382,9.63287301653705e-05,0.0105008839991108,1.68208708080464e-05,0.00181016377667667,-0.000306777316680866,0.0114380179025435
1706.53837227424,-0.000393071493146636,0.00158375200970267,9.51045094575236e-05,0.0104279147593498,1.66041763600057e-05,0.00179760150373121,-0.000302583476913047,0.0113594297905787
1718.37346916419,-0.000387765409977819,0.00157352176928832,9.38944672856882e-05,0.0103554609754539,1.63900760650469e-05,0.00178512764905174,-0.000298446740765097,0.0112813791060188
1730.2906442076,-0.000382529761045207,0.00156334840273935,9.26984787025241e-05,0.010283518844758,1.61785444072554e-05,0.00177274156646665,-0.000294366336773573,0.0112038622242513
1742.29046662864,-0.000377363643320533,0.00155323178647814,9.15164186525957e-05,0.0102120845955749,1.59695559568209e-05,0.0017604426149612,-0.000290341503738741,0.0111268755441143
1754.37350959913,-0.00037226616449855,0.00154317179262716,9.03481620205445e-05,0.0101411544868969,1.57630853756209e-05,0.00174823015862937,-0.000286371490592098,0.0110504154877637
1766.54035026596,-0.000367236442892794,0.0015331682891329,8.91935836774494e-05,0.0100707248081001,1.55591074225612e-05,0.00173610356662618,-0.000282455556265514,0.0109744785005408
1778.79156977856,-0.000362273607331708,0.00152322113988728,8.80525585254204e-05,0.0100007918786529,1.5357596958679e-05,0.00172406221312067,-0.000278592969561961,0.0108990610508414
1791.12775331676,-0.000357376797055133,0.0015133302048467,8.69249615404771e-05,0.00993135204782663,1.51585289520163e-05,0.00171210547724927,-0.000274783009027804,0.0108241596299837
1803.54949011869,-0.000352545161611227,0.00150349534014879,8.58106678137651e-05,0.00986240169441068,1.49618784822702e-05,0.00170023274306973,-0.000271024962826674,0.0107497707520776
1816.05737350894,-0.00034777786075378,0.00149371639822684,8.47095525911527e-05,0.00979393722643012,1.47676207452275e-05,0.00168844339951556,-0.000267318128614848,0.0106758909538941
1828.65200092687,-0.000343074064339998,0.00148399322792186,8.36214913112627e-05,0.00972595508086685,1.45757310569897e-05,0.00167673684035102,-0.000263661813418188,0.0106025167947354
1841.33397395519,-0.000338432952228707,0.00147432567459256,8.25463596419733e-05,0.00965845172338378,1.43861848579936e-05,0.0016651124641265,-0.000260055333510553,0.0105296448563049
1854.10389834867,-0.000333853714179067,0.00146471358022301,8.14840335154488e-05,0.00959142364805226,1.41989577168373e-05,0.00165356967413446,-0.00025649801429373,0.0104572717425783
1866.9623840631,-0.000329335549749743,0.00145515678352818,8.04343891617248e-05,0.00952486737708247,1.40140253339123e-05,0.00164210787836589,-0.000252989190178822,0.010385394079674
1879.91004528435,-0.000324877668198604,0.00144565512005733,7.93973031409104e-05,0.00945877946055707,1.38313635448536e-05,0.00163072648946717,-0.000249528204469102,0.0103140085157258
1892.94750045783,-0.000320479288382919,0.00143620842229533,7.83726523740292e-05,0.00939315647616762,1.36509483238084e-05,0.00161942492469744,-0.000246114409244306,0.0102431117207538
1906.0753723179,-0.000316139638660099,0.00142681651976191,7.73603141725557e-05,0.00932799502895432,1.3472755786532e-05,0.00160820260588646,-0.000242747165246361,0.0101727003865377
1919.29428791772,-0.00031185795678897,0.00141747923910883,7.63601662666748e-05,0.00926329175104831,1.32967621933159e-05,0.00159705895939288,-0.00023942584176651,0.010102771226489
1932.60487865912,-0.000307633489831615,0.00140819640421515,7.53720868323108e-05,0.00919904330141732,1.31229439517522e-05,0.00158599341606305,-0.000236149816533848,0.0100333209755251
1946.00778032282,-0.000303465494055769,0.00139896783628044,7.43959545169557e-05,0.00913524636561377,1.29512776193413e-05,0.00157500541119016,-0.000232918475605228,0.0099643463899425
1959.50363309877,-0.000299353234837811,0.00138979335391616,7.34316484643421e-05,0.00907189765552614,1.27817399059461e-05,0.00156409438447399,-0.000229731213256539,0.00989584424729148
1973.09308161673,-0.000295295986566321,0.00138067277323502,7.24790483379848e-05,0.00900899390913279,1.26143076760996e-05,0.00155325977998091,-0.000226587431875324,0.00982781134625055
1986.77677497706,-0.000291293032546262,0.00137160590793859,7.15380343436386e-05,0.00894653189025886,1.24489579511684e-05,0.00154250104610451,-0.000223486541854748,0.00976024450650188
2000.55536678172,-0.000287343664903748,0.00136259256940302,7.06084872506917e-05,0.00888450838833567,1.22856679113787e-05,0.0015318176355265,-0.000220427961488871,0.00969314056860681
2014.42951516552,-0.000283447184491447,0.00135363256676296,6.96902884125422e-05,0.00882292021816306,1.21244148977086e-05,0.00152120900517815,-0.000217411116869236,0.00962649639388216
2028.39988282751,-0.000279602900794593,0.00134472570699371,6.87833197859749e-05,0.00876176421967418,1.19651764136509e-05,0.00151067461620207,-0.000214435441782741,0.0095603088642767
2042.46713706267,-0.000275810131837651,0.00133587179499164,6.78874639495829e-05,0.0087010372577032,1.18079301268508e-05,0.00150021393391445,-0.000211500377610797,0.00949457488224844
2056.63194979376,-0.0002720682040916,0.00132707063365289,6.70026041212518e-05,0.0086407362217553,1.16526538706231e-05,0.00148982642776773,-0.00020860537322973,0.00942929137064205
2070.89499760343,-0.000268376452381889,0.00131832202395037,6.61286241747473e-05,0.00858085802577964,1.14993256453521e-05,0.0014795115713136,-0.000205749884912453,0.0093644552725671
2085.25696176653,-0.000264734219797018,0.00130962576500917,6.52654086554244e-05,0.00852139960794446,1.13479236197794e-05,0.00146926884216648,-0.000202933376231352,0.0093000635512765
2099.71852828265,-0.000261140857597813,0.00130098165418022,6.44128427950952e-05,0.00846235793041508,1.11984261321823e-05,0.00145909772196735,-0.000200155317962402,0.00923611319004572
2114.2803879089,-0.000257595725127331,0.00129238948711254,6.35708125260744e-05,0.00840372997913409,1.10508116914466e-05,0.001448997696348,-0.000197415187990482,0.0091726011920522
2128.94323619287,-0.00025409818972147,0.00128384905782371,6.27392044944355e-05,0.00834551276360423,1.09050589780388e-05,0.00143896825489563,-0.00019471247121589,0.00910952458025556
2143.7077735059,-0.000250647626620224,0.00127536015876898,6.1917906072498e-05,0.0082877033166735,1.0761146844879e-05,0.00142900889111785,-0.000192046659462022,0.00904688039727804
2158.57470507649,-0.000247243418879646,0.00126692258090879,6.11068053705753e-05,0.00823029869432283,1.06190543181204e-05,0.00141911910240809,-0.000189417251384233,0.0089846657052857
2173.54474102402,-0.000243884957284469,0.00125853611377474,6.0305791248002e-05,0.00817329597545598,1.04787605978365e-05,0.00140929839001133,-0.000186823752379832,0.00892287758586983
2188.61859639264,-0.000240571640261437,0.00125020054553427,5.95147533234713e-05,0.00811669226169189,1.03402450586211e-05,0.00139954625899021,-0.000184265674499227,0.00886151313992923
2203.79699118545,-0.00023730287379331,0.00124191566305372,5.87335819846977e-05,0.00806048467715925,1.02034872501024e-05,0.00138986221819152,-0.000181742536358185,0.00880056948755261
2219.08065039887,-0.000234078071333579,0.00123368125196011,5.79621683974347e-05,0.0080046703682934,1.00684668973766e-05,0.00138024578021306,-0.000179253863051217,0.00874004376790189
2234.47030405729,-0.000230896653721855,0.00122549709670149,5.72004045138621e-05,0.00794924650363544,9.93516390136116e-06,0.0013706964613708,-0.000176799186066039,0.00867993313909562
2249.9666872479,-0.000227758049099983,0.00121736298060596,5.64481830803711e-05,0.00789421027363364,9.80355833907361e-06,0.00136121378166646,-0.000174378043199146,0.0086202347780933
2265.57054015586,-0.000224661692828837,0.00120927868593927,5.57053976447615e-05,0.00783955889044685,9.67363046383604e-06,0.00135179726475536,-0.000171989978472434,0.00856094588057988
2281.28260809959,-0.000221607027405828,0.00120124399396126,5.49719425628756e-05,0.0077852895877504,9.54536070540997e-06,0.0013424464379147,-0.000169634542050903,0.00850206366085104
2297.10364156645,-0.000218593502383105,0.0011932586849809,5.42477130046847e-05,0.00773139962054373,9.41872967006296e-06,0.00133316083201209,-0.000167311290161392,0.00844358535169881
2313.0343962485,-0.000215620574286479,0.00118532253841011,5.35326049598509e-05,0.00767788626496054,9.29371814057054e-06,0.00132393998147446,-0.00016501978501236,0.00838550820429785
2329.07563307866,-0.000212687706535028,0.00117743533281631,5.28265152427772e-05,0.00762474681808065,9.17030707615504e-06,0.00131478342425729,-0.000162759594714685,0.0083278294880921
2345.22811826701,-0.000209794369361435,0.00116959684597385,5.21293414971701e-05,0.00757197859774425,9.04847761236449e-06,0.00130569070181417,-0.00016053029320348,0.00827054649068212
2361.49262333744,-0.000206940039733006,0.00116180685491413,5.14409822001264e-05,0.00751957894236785,8.92821106089347e-06,0.00129666135906669,-0.000158331460160899,0.0082136565177128
2377.86992516445,-0.00020412420127342,0.00115406513597462,5.07613366657647e-05,0.00746754521076258,8.80948890934866e-06,0.00128769494437459,-0.000156162680939943,0.00815715689276177
2394.36080601029,-0.000201346344185162,0.00114637146484673,5.00903050484157e-05,0.00741587478195414,8.69229282096059e-06,0.00127879100950629,-0.000154023546489228,0.0081010449572281
2410.96605356231,-0.000198605965172681,0.00113872561662253,4.94277883453891e-05,0.00736456505500496,8.57660463424468e-06,0.0012699491096097,-0.000151913653278735,0.00804531807022181
2427.6864609706,-0.000195902567366239,0.00113112736584037,4.87736883993303e-05,0.0073136134488381,8.46240636261282e-06,0.00126116880318335,-0.000149832603226491,0.00798997360845361
2444.52282688584,-0.000193235660246476,0.00112357648652945,4.81279079001848e-05,0.00726301740206322,8.34968019393818e-06,0.00125244965204779,-0.00014778000362621,0.00793500896612551
2461.4759554975,-0.000190604759569669,0.00111607275225327,4.74903503867814e-05,0.00721277437280426,8.23840849007459e-06,0.00124379122131728,-0.000145755467075858,0.00788042155482156
2478.54665657221,-0.000188009387293699,0.0011086159361521,4.6860920248051e-05,0.00716288183852908,8.12857378633304e-06,0.00123519307937188,-0.000143758611407127,0.00782620880339948
2495.73574549243,-0.000185449071504718,0.00110120581098438,4.62395227238944e-05,0.00711333729588099,8.02015879091672e-06,0.00122665479782967,-0.00014178905961584,0.00777236815788266
2513.04404329547,-0.000182923346344512,0.00109384214916712,4.56260639057098e-05,0.00706413826051185,7.91314638431648e-06,0.00121817595151935,-0.000139846439793225,0.00771889708135259
2530.47237671259,-0.000180431751938568,0.00108652472281537,4.50204507365984e-05,0.00701528226691729,7.8075196186687e-06,0.00120975611845318,-0.000137930385058099,0.00766579305384211
2548.02157820863,-0.000177973834324826,0.00107925330378063,4.44225910112526e-05,0.00696676686827333,7.70326171707668e-06,0.0012013948798,-0.000136040533489912,0.00761305357222883
2565.69248602162,-0.000175549145383137,0.0010720276636884,4.38323933755487e-05,0.00691858963627509,7.60035607289816e-06,0.00119309181985878,-0.000134176528062665,0.00756067615012945
2583.48594420295,-0.0001731572427654,0.00106484757397479,4.32497673258461e-05,0.00687074816097689,7.49878624899928e-06,0.00118484652603224,-0.000132338016579676,0.00750865831779425
2601.4028026576,-0.0001707976898264,0.00105771280592215,4.2674623208013e-05,0.00682324005063435,7.39853597697786e-06,0.00117665858880082,-0.000130524651609197,0.00745699762200244
2619.4439171848,-0.000168470055555318,0.00105062313069389,4.21068722161833e-05,0.00677606293154787,7.29958915635632e-06,0.00116852760169695,-0.000128736090420856,0.00740569162595781
2637.61014951883,-0.00016617391450794,0.00104357831936839,4.15464263912596e-05,0.00672921444790805,7.20192985374659e-06,0.00116045316127951,-0.000126971994922934,0.00735473790918502
2655.90236737027,-0.000163908846739532,0.00103657814297206,4.09931986191705e-05,0.00668269226164245,7.10554230198772e-06,0.00115243486710859,-0.00012523203160044,0.00730413406742638
2674.32144446737,-0.000161674437738405,0.00102962237251155,4.04471026288939e-05,0.00663649405226425,7.01041089925815e-06,0.00114447232172049,-0.000123515871454009,0.00725387771253923
2692.86826059784,-0.000159470278360144,0.00102271077900513,3.99080529902543e-05,0.00659061751672221,6.91652020816332e-06,0.001136565130603,-0.000121823189939573,0.00720396647239369
2711.54370165082,-0.00015729596476252,0.00101584313351329,3.93759651115062e-05,0.00654506036925248,6.82385495480056e-06,0.0011287129021709,-0.000120153666908838,0.0071543979907712
2730.34865965925,-0.000155151098341057,0.00100901920716855,3.88507552367095e-05,0.00649982034123168,6.73240002780182e-06,0.00112091524774169,-0.000118506986550512,0.00710516992726327
2749.28403284242,-0.000153035285665279,0.00100223877120443,3.83323404429104e-05,0.0064548951810318,6.64214047735617e-06,0.00111317178151165,-0.000116882837332322,0.00705627995717111
2768.35072564895,-0.000150948138415601,0.000995501596983743,3.78206386371305e-05,0.00641028265387633,6.55306151421226e-06,0.00110548212053202,-0.000115280911943763,0.00700772577140542
2787.54964879989,-0.000148889273320898,0.000988807456026114,3.73155685531795e-05,0.00636598054169811,6.465148508663e-06,0.00109784588468551,-0.000113700907239614,0.00695950507638708
2806.88171933232,-0.000146858312096706,0.000982156120034726,3.6817049748293e-05,0.00632198664299843,6.37838698951252e-06,0.00109026269666301,-0.000112142524184175,0.006911615593948
2826.34786064308,-0.000144854881384094,0.00097554736092242,3.6325002599609e-05,0.00627829877270788,6.29276264302713e-06,0.00108273218194052,-0.000110605467796245,0.00686405506123289
2845.94900253294,-0.000142878612689168,0.00096898095083704,3.58393483004853e-05,0.00623491476204824,6.20826131187078e-06,0.00107525396875634,-0.000109089447094804,0.00681682123060113
2865.68608125093,-0.000140929142323225,0.000962456662186132,3.53600088566714e-05,0.00619183245839621,6.12486899402663e-06,0.00106782768808845,-0.00010759417504542,0.00676991186952959
2885.56003953913,-0.000139006111343544,0.00095597426766093,3.48869070823357e-05,0.00614904972514816,6.04257184170481e-06,0.00106045297363216,-0.000106119368507348,0.00672332476051559
2905.57182667768,-0.000137109165494812,0.000949533540259725,3.44199665959606e-05,0.00610656444158657,5.96135616023835e-06,0.00105312946177793,-0.000104664748181324,0.00667705770098073
2925.72239853012,-0.000135237955151178,0.000943134253310549,3.39591118161069e-05,0.00606437450274758,5.88120840696684e-06,0.00104585679158941,-0.000103230038558041,0.00663110850317493
2946.01271758903,-0.000133392135258939,0.000936776180493262,3.35042679570604e-05,0.00602247781929009,5.8021151901103e-06,0.00103863460478178,-0.000101814967867304,0.00658547499408127
2966.44375302203,-0.000131571365279842,0.000930459095860988,3.30553610243598e-05,0.005980872317366,5.72406326763223e-06,0.00103146254570018,-0.000100419268027847,0.00654015501532111
2987.01648071805,-0.000129775309135008,0.000924182773860979,3.26123178102183e-05,0.00593955593849197,5.64703954609443e-06,0.00102434026129843,-9.90426745978128e-05,0.00649514642305994
3007.73188333398,-0.000128003635149468,0.000917946989354845,3.21750658888405e-05,0.00589852663942227,5.57103107950286e-06,0.00101726740111792,-9.768492672588e-05,0.00645044708791357
3028.59095034155,-0.000126256015997312,0.000911751517638246,3.17435336116435e-05,0.00585778239202307,5.49602506814644e-06,0.00101024361726675,-9.63457671030344e-05,0.006406054894855
3049.59467807464,-0.000124532128647433,0.000905596134459972,3.1317650102384e-05,0.00581732118314786,5.42200885742854e-06,0.00100326856439903,-9.50249419149707e-05,0.00636196774312166
3070.74406977686,-0.000122831654309886,0.000899480616040504,3.08973452522022e-05,0.00577714101451425,5.34896993669276e-06,0.000996341899694366,-9.37222007951256e-05,0.00631818354612329
3092.04013564946,-0.000121154278382828,0.000893404739089999,3.04825497145807e-05,0.00573723990258189,5.27689593804271e-06,0.000989463282837609,-9.24372967783234e-05,0.00627470023135022
3113.48389289956,-0.000119499690400064,0.000887368280825762,3.00731949002307e-05,0.00569761587843167,5.20577463515741e-06,0.00098263237599874,-9.11699862550371e-05,0.0062315157402823
3135.07636578881,-0.000117867583979165,0.000881371018989178,2.96692129719037e-05,0.0056582669876461,5.13559394210199e-06,0.000975848843812967,-8.99200289262471e-05,0.00618862802829817
3156.8185856822,-0.000116257656770179,0.000875412731862148,2.92705368391394e-05,0.00561919129019087,5.06634191213517e-06,0.000969112353361025,-8.86871877589004e-05,0.00614603506458526
3178.71159109747,-0.000114669610404918,0.000869493198283008,2.88771001529484e-05,0.00558038686029758,4.99800673651318e-06,0.000962422574149638,-8.74712289419513e-05,0.00610373483205002
3200.75642775457,-0.000113103150446816,0.000863612197661975,2.84888373004398e-05,0.00554185178634769,4.93057674329163e-06,0.000955779178092197,-8.62719218429887e-05,0.00606172532722899
3222.9541486257,-0.00011155798634135,0.000857769509996093,2.81056833993927e-05,0.00550358417075746,4.86404039612489e-06,0.000949181839489592,-8.50890389654294e-05,0.00602000456020004
3245.30581398558,-0.000110033831367042,0.000851964915883728,2.77275742927806e-05,0.00546558212986423,4.79838629306445e-06,0.000942630235011253,-8.39223559062834e-05,0.0059785705544944
3267.81249146208,-0.000108530402586999,0.000846198196538589,2.73544465432475e-05,0.0054278437938136,4.73360316535582e-06,0.000936124043676344,-8.27716513144716e-05,0.00593742134700899
3290.47525608724,-0.00010704742080102,0.000840469133803309,2.69862374275447e-05,0.00539036730644789,4.66967987623533e-06,0.000929662946835164,-8.16367068496998e-05,0.00589655498791941
3313.29519034861,-0.000105584610498252,0.000834777510162578,2.66228849309272e-05,0.00535315082519555,4.60660541972642e-06,0.000923246628150686,-8.05173071418719e-05,0.00585596954059326
3336.27338424092,-0.000104141699810388,0.000829123108755854,2.6264327741517e-05,0.00531619252096175,4.54436891943667e-06,0.000916874773580312,-7.94132397510459e-05,0.00581566308150416
3359.41093531822,-0.000102718420465403,0.000823505713389641,2.5910505244634e-05,0.00527949057801994,4.48295962735529e-06,0.000910547071357757,-7.83242951279145e-05,0.00577563370014605
3382.70894874623,-0.000101314507741833,0.000817925108549371,2.55613575171003e-05,0.00524304319390454,4.4223669226521e-06,0.000904263211975139,-7.72502665748145e-05,0.00573587949894822
3406.16853735517,-9.99297004235772e-05,0.00081238107941086,2.52168253215173e-05,0.00520684857930457,4.36258031047771e-06,0.0008980228881652,-7.61909502072483e-05,0.00569639859319062
3429.7908216929,-9.85637407552313e-05,0.0008068734118514,2.48768501005241e-05,0.00517090495795846,4.30358942076599e-06,0.000891825794883735,-7.51461449159212e-05,0.00565718911091982
3453.57693007845,-9.72163743979382e-05,0.000801401892460435,2.45413739710343e-05,0.00513521056654964,4.24538400703858e-06,0.000885671629292134,-7.41156523292765e-05,0.00561824919286533
3477.5279986559,-9.58873503857584e-05,0.000795966308549876,2.4210339718458e-05,0.00509976365460333,4.18795394521208e-06,0.000879560090740131,-7.30992767765322e-05,0.00557957699235655
3501.64517144866,-9.45764210825519e-05,0.000790566448164054,2.3883690790911e-05,0.00506456248438427,4.1312892324084e-06,0.000873490880748687,-7.20968252512085e-05,0.00554117067524012
3525.92960041413,-9.32833421393637e-05,0.000785202100089285,2.3561371293412e-05,0.0050296053307953,4.07537998576798e-06,0.000867463702993027,-7.1108107375136e-05,0.00550302841979771
3550.38244549867,-9.2007872452317e-05,0.000779873053863121,2.32433259820728e-05,0.00499489048127709,4.020216441267e-06,0.000861478263285859,-7.0132935362948e-05,0.00546514841666449
3575.00487469309,-9.0749774120999e-05,0.000774579099783216,2.29295002582818e-05,0.00496041623570865,3.96578895253812e-06,0.000855534269560714,-6.91711239870395e-05,0.00542752886874778
3599.79806408833,-8.95088124073441e-05,0.00076932002891589,2.2619840162885e-05,0.00492618090630895,3.91208798969558e-06,0.000849631431855466,-6.82224905429975e-05,0.00539016799114651
3624.76319793175,-8.82847556950004e-05,0.000764095633104333,2.23142923703652e-05,0.00489218281753924,3.85910413816449e-06,0.000843769462295978,-6.72868548154866e-05,0.0053530640110709
3649.9014686836,-8.70773754491859e-05,0.000758905704976518,2.20128041830224e-05,0.00485842030600657,3.80682809751498e-06,0.000837948075079923,-6.63640390445934e-05,0.00531621516776279
3675.21407707406,-8.58864461770164e-05,0.000753750037952766,2.1715323525157e-05,0.00482489172036794,3.75525068030093e-06,0.000832166986460723,-6.54538678926149e-05,0.0052796197124163
3700.7022321605,-8.47117453883149e-05,0.000748628426253034,2.14217989372591e-05,0.00479159542123557,3.70436281090416e-06,0.000826425914731662,-6.4556168411294e-05,0.00524327590809911
3726.36715138533,-8.35530535568836e-05,0.000743540664903878,2.11321795702026e-05,0.00475852978108287,3.65415552438362e-06,0.000820724580210117,-6.36707700094871e-05,0.00520718202967407
3752.21006063407,-8.24101540822475e-05,0.000738486549745141,2.08464151794508e-05,0.00472569318415145,3.60461996533029e-06,0.000815062705221953,-6.27975044212677e-05,0.00517133636372145
3778.23219429398,-8.12828332518519e-05,0.000733465877436336,2.05644561192699e-05,0.00469308402635884,3.55574738672774e-06,0.000809440014086036,-6.19362056744509e-05,0.00513573720846146
3804.43479531291,-8.01708802037214e-05,0.00072847844546277,2.0286253336957e-05,0.00466070071520719,3.50752914881865e-06,0.000803856233098911,-6.10867100595425e-05,0.00510038287367739
3830.81911525882,-7.90740868895648e-05,0.000723524052141366,2.00117583670801e-05,0.00462854166969273,3.45995671797728e-06,0.000798311090519589,-6.02488560990985e-05,0.00506527168063915
3857.3864143794,-7.79922480383313e-05,0.000718602496626252,1.97409233257348e-05,0.00459660532021613,3.41302166558838e-06,0.000792804316554494,-5.94224845174981e-05,0.00503040196202729
3884.13796166242,-7.69251611202043e-05,0.000713713578914049,1.94737009048166e-05,0.00456489010849358,3.36671566693232e-06,0.000787335643342527,-5.86074382111164e-05,0.00499577206185745
3911.07503489621,-7.5872626311037e-05,0.000708857099848945,1.9210044366313e-05,0.00453339448746885,3.32103050007697e-06,0.000781904804940277,-5.78035622188997e-05,0.00496138033540533
3938.19892073078,-7.48344464572167e-05,0.000704032861127478,1.89499075366134e-05,0.00450211692122596,3.27595804477605e-06,0.000776511537307342,-5.70107036933308e-05,0.00492722514913204
3965.51091473924,-7.38104270409617e-05,0.000699240665303114,1.86932448008419e-05,0.00447105588490282,3.23149028137461e-06,0.000771155578291812,-5.62287118717861e-05,0.00489330488060998
3993.0123214797,-7.28003761460382e-05,0.000694480315790557,1.844001109721e-05,0.00444020986460551,3.18761928972112e-06,0.000765836667615842,-5.54574380482728e-05,0.00485961791844912
4020.70445455755,-7.18041044239011e-05,0.000689751616869846,1.81901619113946e-05,0.00440957735732347,3.144337248087e-06,0.000760554546861388,-5.46967355455471e-05,0.00482616266222375
4048.58863668828,-7.08214250602456e-05,0.000685054373690212,1.7943653270939e-05,0.00437915687084535,3.10163643209304e-06,0.000755308959456038,-5.39464596876036e-05,0.00479293752239967
4076.66619976054,-6.9852153741974e-05,0.000680388392273729,1.77004417396807e-05,0.0043489469236757,3.05950921364332e-06,0.000750099650658993,-5.32064677725353e-05,0.00475994092026187
4104.93848489989,-6.88961086245645e-05,0.000675753479518726,1.74604844122039e-05,0.00431894604495232,3.01794805986638e-06,0.000744926367547146,-5.24766190457549e-05,0.00472717128784254
4133.40684253274,-6.79531102998469e-05,0.000671149443203019,1.72237389083214e-05,0.00428915277436449,2.97694553206401e-06,0.000739788859001308,-5.17567746735781e-05,0.00469462706784971
4162.07263245095,-6.70229817641713e-05,0.000666576091986903,1.69901633675832e-05,0.00425956566207175,2.93649428466744e-06,0.000734686875692526,-5.10467977171573e-05,0.00466230671359613
4190.93722387671,-6.61055483869753e-05,0.000662033235415977,1.67597164438163e-05,0.00423018326862363,2.89658706420138e-06,0.000729620170068552,-5.03465531067694e-05,0.00463020868892876
4220.00199552799,-6.52006378797352e-05,0.000657520683923739,1.65323572996919e-05,0.00420100416487983,2.85721670825557e-06,0.000724588496340392,-4.96559076164438e-05,0.00459833146815852
4249.26833568435,-6.43080802653078e-05,0.000653038248834026,1.63080456013262e-05,0.00417202693193139,2.81837614446431e-06,0.00071959161046901,-4.89747298389353e-05,0.00456667353599069
4278.73764225332,-6.34277078476482e-05,0.00064858574236323,1.60867415129108e-05,0.00414325016102233,2.78005838949366e-06,0.000714629270152112,-4.83028901610298e-05,0.00453523338745553
4308.41132283705,-6.25593551819081e-05,0.000644162977622367,1.58684056913768e-05,0.00411467245347212,2.7422565480367e-06,0.000709701234811074,-4.76402607391838e-05,0.00450400952783949
4338.2907947997,-6.17028590449039e-05,0.000639769768618942,1.56529992810905e-05,0.00408629242059879,2.70496381181664e-06,0.000704807265577953,-4.69867154754895e-05,0.00447300047261675
4368.37748533501,-6.08580584059562e-05,0.000635405930258658,1.5440483908584e-05,0.00405810868364272,2.66817345859799e-06,0.000699947125282639,-4.63421299939642e-05,0.00444220474738125
4398.67283153455,-6.00247943980897e-05,0.000631071278346945,1.52308216773188e-05,0.00403011987369107,2.63187885120571e-06,0.000695120578440089,-4.57063816171572e-05,0.00441162088777908
4429.17828045629,-5.92029102895986e-05,0.000626765629590334,1.50239751624854e-05,0.00400232463160299,2.59607343655258e-06,0.000690327391237696,-4.5079349343073e-05,0.00438124743944139
4459.89528919383,-5.83922514559632e-05,0.000622488801597661,1.48199074058367e-05,0.00397472160793528,2.56075074467445e-06,0.000685567331522737,-4.4460913822402e-05,0.00435108295791756
4490.82532494586,-5.75926653521232e-05,0.000618240612881129,1.4618581910558e-05,0.00394730946286895,2.52590438777391e-06,0.000680840168789961,-4.38509573360611e-05,0.00432112600860903
4521.96986508636,-5.68040014850962e-05,0.000614020882857194,1.44199626361731e-05,0.00392008686613618,2.49152805927189e-06,0.00067614567416925,-4.32493637730333e-05,0.00429137516670326
4553.33039723509,-5.60261113869431e-05,0.000609829431847336,1.42240139934869e-05,0.00389305249694809,2.45761553286758e-06,0.000671483620413409,-4.26560186085079e-05,0.00426182901710838
4584.90841932869,-5.52588485880722e-05,0.000605666081078648,1.40307008395644e-05,0.00386620504392304,2.42416066160653e-06,0.000666853781886042,-4.20708088823131e-05,0.00423248615438799
4616.7054396922,-5.45020685908817e-05,0.000601530652684317,1.38399884727482e-05,0.00383954320501563,2.39115737695692e-06,0.000662255934549544,-4.14936231776414e-05,0.00420334518269664
4648.72297711114,-5.37556288437335e-05,0.000597422969703946,1.36518426277124e-05,0.00381306568744619,2.3585996878941e-06,0.000657689855953181,-4.09243516000585e-05,0.00417440471571546
4680.96256090399,-5.30193887152584e-05,0.000593342856083755,1.34662294705553e-05,0.00378677120763103,2.32648167999341e-06,0.000653155325221283,-4.03628857567988e-05,0.0041456633765884
4713.42573099534,-5.22932094689835e-05,0.000589290136676639,1.32831155939302e-05,0.00376065849111317,2.29479751453105e-06,0.000648652123041523,-3.98091187363359e-05,0.00411711979785873
4746.11403798933,-5.15769542382846e-05,0.000585264637242119,1.31024680122143e-05,0.00373472627249372,2.26354142759345e-06,0.000644180031653309,-3.92629450882323e-05,0.00408877262140607
4779.02904324382,-5.08704880016534e-05,0.000581266184446144,1.29242541567166e-05,0.00370897329536384,2.23270772919463e-06,0.000639738834836252,-3.87242608032576e-05,0.00406062049838365
4812.17231894485,-5.01736775582824e-05,0.000577294605860802,1.27484418709251e-05,0.0036833983122373,2.20229080240197e-06,0.000635328317898758,-3.81929632937777e-05,0.00403266208915622
4845.54544818188,-4.94863915039563e-05,0.000573349729963883,1.25749994057923e-05,0.00365800008448351,2.17228510247005e-06,0.000630948267666682,-3.7668951374406e-05,0.00400489606323803
4879.1500250233,-4.88085002072542e-05,0.000569431386138357,1.24038954150607e-05,0.00363277738226131,2.14268515598278e-06,0.000626598472472109,-3.71521252429176e-05,0.00397732109923151
4912.98765459257,-4.81398757860536e-05,0.000565539404671722,1.22350989506272e-05,0.00360772898445316,2.11348556000374e-06,0.000622278722142203,-3.66423864614205e-05,0.00394993588476618
4947.05995314498,-4.74803920843329e-05,0.000561673616755252,1.20685794579475e-05,0.00358285367859994,2.08468098123458e-06,0.000617988807988158,-3.61396379377801e-05,0.00392273911643793
4981.36854814472,-4.6829924649274e-05,0.000557833854483143,1.190430677148e-05,0.00355815026083631,2.05626615518177e-06,0.000613728522794245,-3.56437839072966e-05,0.0038957294997488
5015.91507834275,-4.61883507086532e-05,0.000554019950851545,1.17422511101689e-05,0.00353361753582662,2.02823588533122e-06,0.000609497660806938,-3.51547299146272e-05,0.00386890574904706
5050.70119385496,-4.55555491485261e-05,0.000550231739757516,1.1582383072968e-05,0.00350925431670134,2.00058504233129e-06,0.000605296017724139,-3.46723827959555e-05,0.00384226658746768
5085.72855624109,-4.49314004911943e-05,0.000546469055997853,1.14246736344037e-05,0.00348505942499402,1.97330856318371e-06,0.000601123390684481,-3.41966506613985e-05,0.00381581074687322
5120.998838584,-4.43157868734589e-05,0.000542731735267858,1.12690941401782e-05,0.00346103169057884,1.94640145044259e-06,0.000596979578256738,-3.37274428776552e-05,0.00378953696779508
5156.51372556965,-4.37085920251493e-05,0.000539019614159988,1.11156163028122e-05,0.00343716995160855,1.91985877142148e-06,0.00059286438042929,-3.32646700508856e-05,0.00376344399937508
5192.27491356752,-4.31097012479317e-05,0.000535332530162436,1.0964212197328e-05,0.0034134730544531,1.89367565740849e-06,0.000588777598599714,-3.28082440098254e-05,0.00373753059930754
5228.28411071172,-4.2519001394387e-05,0.000531670321657613,1.08148542569721e-05,0.00338993985363864,1.86784730288923e-06,0.000584719035564417,-3.23580777891251e-05,0.00371179553378157
5264.54303698245,-4.19363808473612e-05,0.000528032827920555,1.06675152689779e-05,0.0033665692117871,1.84236896477783e-06,0.000580688495508392,-3.1914085612918e-05,0.00368623757742386
5301.0534242883,-4.13617294995792e-05,0.000524419889117242,1.0522168370368e-05,0.00334335999955625,1.81723596165578e-06,0.000576685783995027,-3.14761828786074e-05,0.00366085551324178
5337.81701654885,-4.07949387335244e-05,0.000520831346302852,1.03787870437966e-05,0.00332031109558026,1.79244367301866e-06,0.00057271070795602,-3.10442861408759e-05,0.00363564813256686
5374.83556977805,-4.02359014015753e-05,0.000517267041419919,1.02373451134306e-05,0.00329742138641073,1.76798753853067e-06,0.000568763075681352,-3.06183130959088e-05,0.00361061423499863
5412.11085216805,-3.96845118064019e-05,0.000513726817296436,1.00978167408724e-05,0.00327468976645829,1.74386305728697e-06,0.000564842696809369,-3.01981825658335e-05,0.00358575262834885
5449.64464417369,-3.91406656816127e-05,0.000510210517643872,9.96017642111939e-06,0.00325211513793454,1.72006578708373e-06,0.000560949382316912,-2.97838144833665e-05,0.00356106212858603
5487.43873859751,-3.86042601726552e-05,0.000506717987055134,9.82439897856569e-06,0.00322969641079458,1.69659134369592e-06,0.000557082944509559,-2.93751298766719e-05,0.00353654155978042
5525.49494067543,-3.80751938179615e-05,0.000503249071002445,9.69045956304093e-06,0.00320743250268001,1.67343540016272e-06,0.000553243197011915,-2.89720508544217e-05,0.00351218975404923
5563.81506816292,-3.75533665303404e-05,0.000499803615835175,9.55833364588984e-06,0.00318532233886232,1.65059368608059e-06,0.000549429954758005,-2.8574500591061e-05,0.00348800555150233
5602.40095142188,-3.7038679578609e-05,0.000496381468777588,9.42799701608971e-06,0.00316336485218678,1.62806198690382e-06,0.000545643033981724,-2.81824033122709e-05,0.00346398780018817
5641.254433508,-3.65310355694657e-05,0.000492982477926553,9.29942577640782e-06,0.00314155898301685,1.60583614325268e-06,0.000541882252207383,-2.77956842806304e-05,0.00344013535604021
5680.37737025889,-3.6030338429596e-05,0.000489606492249169,9.17259633959674e-06,0.00311990367917893,1.58391205022906e-06,0.000538147428240307,-2.74142697814705e-05,0.00341644708282353
5719.77163038263,-3.55364933880135e-05,0.000486253361580354,9.04748542462896e-06,0.00309839789590767,1.56228565673941e-06,0.000534438382157532,-2.70380871089219e-05,0.00339292185208195
5759.43909554709,-3.50494069586287e-05,0.000482922936620368,8.92407005296936e-06,0.0030770405957916,1.54095296482522e-06,0.000530754935298554,-2.66670645521507e-05,0.00336955854308529
5799.38166046975,-3.45689869230479e-05,0.000479615068932286,8.80232754488663e-06,0.00305583074871936,1.51991002900068e-06,0.000527096910256174,-2.63011313817817e-05,0.00334635604277726
5839.60123300829,-3.40951423135928e-05,0.000476329610939412,8.68223551580211e-06,0.0030347673318262,1.49915295559774e-06,0.00052346413086739,-2.59402178365047e-05,0.00332331324572336
5880.09973425162,-3.36277833965453e-05,0.00047306641592266,8.56377187267719e-06,0.00301384932944103,1.47867790211829e-06,0.000519856422204386,-2.55842551098637e-05,0.00330042905405945
5920.87909861173,-3.31668216556083e-05,0.000469825338017863,8.44691481043783e-06,0.00299307573303384,1.45848107659357e-06,0.000516273610565572,-2.52331753372246e-05,0.00327770237744032
5961.94127391598,-3.27121697755847e-05,0.000466606232213057,8.33164280843723e-06,0.00297244554116357,1.43855873695074e-06,0.000512715523466712,-2.488691158292e-05,0.00325513213298894
6003.28822150028,-3.22637416262686e-05,0.000463408954345704,8.21793462695522e-06,0.00295195775942636,1.41890719038639e-06,0.000509181989632104,-2.45453978275682e-05,0.00323271724524573
6044.92191630263,-3.18214522465484e-05,0.000460233361099885,8.10576930373531e-06,0.0029316114004043,1.39952279274721e-06,0.000505672838985845,-2.42085689555652e-05,0.0032104566461184
6086.84434695757,-3.13852178287166e-05,0.000457079310003433,7.99512615055818e-06,0.00291140548361443,1.38040194791753e-06,0.000502187902643156,-2.38763607427451e-05,0.00318834927483195
6129.05751589107,-3.09549557029876e-05,0.00045394665942505,7.88598474985228e-06,0.00289133903545836,1.3615411072138e-06,0.000498727012901777,-2.35487098442097e-05,0.00316639407787915
6171.56343941625,-3.05305843222158e-05,0.00045083526857136,7.77832495134042e-06,0.00287141108917212,1.3429367687859e-06,0.00049529000323343,-2.32255537823215e-05,0.00314459000897116
6214.36414782964,-3.01120232468171e-05,0.000447744997483945,7.6721268687231e-06,0.00285162068477647,1.32458547702534e-06,0.000491876708275349,-2.29068309348621e-05,0.00312293602898869
6257.46168550822,-2.96991931298854e-05,0.000444675707036327,7.56737087639738e-06,0.00283196686902762,1.30648382198003e-06,0.000488486963821871,-2.25924805233489e-05,0.00310143110593328
6300.85811100697,-2.92920157025079e-05,0.000441627258930933,7.46403760621185e-06,0.00281244869536833,1.2886284387759e-06,0.000485120606816106,-2.22824426015131e-05,0.00308007421487905
6344.55549715731,-2.88904137592706e-05,0.000438599515696009,7.3621079442568e-06,0.00279306522387939,1.27101600704508e-06,0.000481777475341652,-2.19766580439318e-05,0.00305886433792466
6388.55593116599,-2.84943111439569e-05,0.00043559234068252,7.26156302769011e-06,0.00277381552123148,1.25364325036069e-06,0.000478457408614393,-2.16750685348168e-05,0.00303780046414568
6432.86151471492,-2.81036327354324e-05,0.000432605598061002,7.16238424159755e-06,0.00275469866063742,1.23650693567808e-06,0.000475160246974348,-2.1377616556954e-05,0.00301688158954718
6477.47436406142,-2.77183044337174e-05,0.000429639152818396,7.06455321588857e-06,0.00273571372180481,1.21960387278263e-06,0.000471885831877593,-2.10842453807947e-05,0.00299610671701673
6522.39661013943,-2.73382531462419e-05,0.000426692870754849,6.96805182222593e-06,0.00271685979088901,1.20293091374389e-06,0.000468634005888232,-2.07948990536937e-05,0.0029754748562776
6567.63039866118,-2.69634067742823e-05,0.000423766618480491,6.87286217099015e-06,0.00269813596044652,1.18648495237612e-06,0.000465404612670449,-2.05095223892952e-05,0.0029549850238424
6613.17789021977,-2.6593694199577e-05,0.000420860263412181,6.77896660827759e-06,0.0026795413293887,1.17026292370507e-06,0.000462197496980603,-2.02280609570616e-05,0.00293463624296687
6659.0412603923,-2.62290452711188e-05,0.000417973673770235,6.68634771293255e-06,0.00266107500293589,1.15426180344107e-06,0.000459012504659397,-1.99504610719464e-05,0.00291442754360417
6705.22269984387,-2.58693907921215e-05,0.000415106718575121,6.59498829361255e-06,0.00264273609257184,1.13847860745821e-06,0.000455849482624094,-1.96766697842057e-05,0.00289435796235922
6751.7244144321,-2.55146625071596e-05,0.000412259267644145,6.50487138588732e-06,0.00262452371599853,1.12291039127976e-06,0.000452708278860814,-1.940663486935e-05,0.00287442654244362
6798.54862531261,-2.51647930894768e-05,0.000409431191588099,6.41598024937015e-06,0.00260643699709135,1.10755424956956e-06,0.000449588742416864,-1.91403048182316e-05,0.00285463233363066
6845.69756904508,-2.48197161284633e-05,0.000406622361807903,6.32829836488238e-06,0.00258847506585459,1.09240731562948e-06,0.000446490723393145,-1.88776288272672e-05,0.0028349743922107
6893.17349769999,-2.44793661172993e-05,0.000403832650491223,6.24180943165029e-06,0.00257063705837732,1.07746676090285e-06,0.000443414072936618,-1.86185567887942e-05,0.00281545178094688
6940.97867896634,-2.4143678440761e-05,0.00040106193060906,6.15649736453371e-06,0.00255292211678959,1.06272979448368e-06,0.000440358643232811,-1.83630392815568e-05,0.00279606356903106
6989.11539625983,-2.38125893631891e-05,0.000398310075912343,6.07234629128718e-06,0.00253532938921894,1.04819366263191e-06,0.0004373242874984,-1.81110275613237e-05,0.0027768088320401
7037.58594883204,-2.34860360166165e-05,0.000395576960928483,5.98934054985211e-06,0.00251785802974735,1.03385564829427e-06,0.000434310859973839,-1.78624735516309e-05,0.00275768665189238
7086.39265188015,-2.31639563890536e-05,0.000392862460957929,5.90746468568074e-06,0.00250050719836838,1.01971307063099e-06,0.000431318215916051,-1.76173298346535e-05,0.00273869611680471
7135.53783665763,-2.2846289312929e-05,0.000390166452070696,5.8267034490908e-06,0.00248327606094475,1.00576328454809e-06,0.000428346211591164,-1.73755496421991e-05,0.00271983632124937
7185.02385058548,-2.25329744536839e-05,0.000387488811102891,5.74704179265131e-06,0.00246616378916623,9.92003680235448e-07,0.000425394704267319,-1.71370868468258e-05,0.00270110636591158
7234.85305736446,-2.22239522985177e-05,0.000384829415653212,5.66846486859857e-06,0.00244916956050779,9.78431682710206e-07,0.000422463552207511,-1.690189595308e-05,0.00268250535764719
7285.02783708791,-2.19191641452837e-05,0.000382188144079454,5.59095802628273e-06,0.00243229255818815,9.65044751365909e-07,0.000419552614662511,-1.66699320888545e-05,0.00266403240944064
7335.55058635552,-2.16185520915313e-05,0.000379564875494979,5.51450680964399e-06,0.00241553197112861,9.5184037952694e-07,0.000416661751863814,-1.64411509968631e-05,0.00264568664036321
7386.42371838768,-2.1322059023696e-05,0.000376959489765204,5.43909695471884e-06,0.00239888699391221,9.38816094008455e-07,0.000413790825016661,-1.62155090262328e-05,0.0026274671755316
7437.64966314091,-2.10296286064311e-05,0.00037437186750405,5.36471438717542e-06,0.00238235682674318,9.2596945468159e-07,0.000410939696293103,-1.59929631242095e-05,0.00260937314606666
7489.23086742376,-2.07412052720832e-05,0.000371801890070406,5.29134521987828e-06,0.00236594067540675,9.13298054044019e-07,0.000408108228825123,-1.57734708279771e-05,0.00259140368905257
7541.16979501382,-2.04567342103062e-05,0.000369249439564571,5.21897575048184e-06,0.00234963775122917,9.00799516795698e-07,0.000405296286697802,-1.5556990256588e-05,0.00257355794749613
7593.46892677528,-2.01761613578156e-05,0.000366714398824695,5.14759245905258e-06,0.00233344727103819,8.88471499419831e-07,0.000402503734942552,-1.53434801030041e-05,0.00255583507028643
7646.13076077758,-1.98994333882779e-05,0.000364196651423203,5.07718200571943e-06,0.00231736845712365,8.76311689768933e-07,0.000399730439530376,-1.51328996262451e-05,0.0025382342121547
7699.15781241454,-1.96264977023356e-05,0.000361696081663233,5.00773122835244e-06,0.00230140053719857,8.64317806655999e-07,0.000396976267365207,-1.49252086436455e-05,0.00252075453363455
7752.55261452471,-1.93573024177649e-05,0.000359212574575044,4.93922714026892e-06,0.00228554274436036,8.52487599450656e-07,0.000394241086277268,-1.47203675232154e-05,0.00250339520102231
7806.31771751215,-1.90917963597652e-05,0.000356746015912437,4.87165692796745e-06,0.00226979431705246,8.40818847680327e-07,0.000391524765016509,-1.45183371761073e-05,0.00248615538633783
7860.45568946846,-1.88299290513779e-05,0.000354296292149164,4.80500794888881e-06,0.00225415449902616,8.29309360636267e-07,0.000388827173246073,-1.43190790491835e-05,0.00246903426728534
7914.96911629522,-1.85716507040336e-05,0.000351863290475338,4.73926772920419e-06,0.00223862253930281,8.17956976984514e-07,0.000386148181535819,-1.41225551176871e-05,0.00245203102721475
7969.86060182773,-1.83169122082249e-05,0.000349446898793829,4.67442396162979e-06,0.00222319769213624,8.06759564381586e-07,0.000383487661355896,-1.39287278780113e-05,0.00243514485508309
8025.13276795918,-1.80656651243048e-05,0.000347047005716677,4.61046450326823e-06,0.00220787921697552,7.95715019095011e-07,0.000380845485070359,-1.37375603405683e-05,0.00241837494541627
8080.78825476607,-1.78178616734074e-05,0.000344663500561482,4.54737737347575e-06,0.00219266637842792,7.84821265628501e-07,0.000378221525930835,-1.35490160227543e-05,0.00240172049827103
8136.82972063413,-1.7573454728491e-05,0.000342296273347807,4.48515075175564e-06,0.00217755844622229,7.74076256351831e-07,0.00037561565807024,-1.33630589420126e-05,0.00238518071919726
8193.25984238548,-1.73323978054997e-05,0.000339945214793575,4.42377297567709e-06,0.00216255469517256,7.6347797113529e-07,0.000373027756496533,-1.31796536089887e-05,0.00236875481920044
8250.08131540631,-1.70946450546446e-05,0.000337610216311466,4.3632325388196e-06,0.00214765440514162,7.53024416988722e-07,0.000370457697086534,-1.29987650207811e-05,0.00235244201470443
8307.29685377578,-1.68601512518013e-05,0.000335291170005315,4.30351808874232e-06,0.00213285686100541,7.42713627705032e-07,0.000367905356579762,-1.28203586542824e-05,0.00233624152751445
8364.90919039556,-1.66288717900226e-05,0.000332987968666508,4.24461842497847e-06,0.00211816135261734,7.325436635082e-07,0.000365370612572347,-1.2644400459613e-05,0.00232015258478036
8422.92107712043,-1.64007626711646e-05,0.000330700505770385,4.18652249705409e-06,0.00210356717477292,7.22512610705638e-07,0.000362853343510966,-1.24708568536426e-05,0.00230417441896013
8481.33528488963,-1.61757804976264e-05,0.000328428675472641,4.12921940253148e-06,0.00208907362717472,7.12618581344989e-07,0.000360353428686835,-1.2299694713602e-05,0.0022883062677836
8540.15460385936,-1.59538824641986e-05,0.000326172372605724,4.0726983850763e-06,0.00207468001439747,7.02859712875135e-07,0.000357870748229739,-1.213088137078e-05,0.00227254737421646
8599.38184353586,-1.57350263500232e-05,0.000323931492675249,4.01694883254892e-06,0.0020603856458536,6.93234167811569e-07,0.000355405183102115,-1.19643846043088e-05,0.00225689698642449
8659.01983290984,-1.55191705106594e-05,0.000321705931856399,3.96196027511899e-06,0.00204618983575887,6.83740133405888e-07,0.000352956615093167,-1.18001726350317e-05,0.002241354357738
8719.07142059136,-1.5306273870258e-05,0.000319495586990346,3.90772238340362e-06,0.00203209190309837,6.74375821319533e-07,0.000350524926813035,-1.16382141194567e-05,0.00222591874661659
8779.53947494611,-1.50962959138391e-05,0.000317300355580656,3.85422496662843e-06,0.00201809117159269,6.6513946730158e-07,0.000348110001687,-1.14784781437913e-05,0.00221058941661404
8840.42688423224,-1.48891966796744e-05,0.000315120135789724,3.8014579708115e-06,0.00200418696966445,6.56029330870656e-07,0.000345711723949735,-1.13209342180593e-05,0.00219536563634355
8901.73655673848,-1.46849367517718e-05,0.000312954826435183,3.74941147696991e-06,0.00199037863040494,6.4704369500084e-07,0.000343329978639599,-1.11655522702976e-05,0.00218024667944308
8963.47142092288,-1.44834772524611e-05,0.000310804326986349,3.69807569934861e-06,0.00197666549154111,6.38180865811576e-07,0.00034096465159297,-1.10123026408328e-05,0.00216523182454107
9025.63442555289,-1.42847798350789e-05,0.000308668537560645,3.64744098367126e-06,0.0019630468954028,6.29439172261491e-07,0.000338615629438622,-1.08611560766357e-05,0.00215032035522229
9088.228539846,-1.40888066767523e-05,0.00030654735892005,3.59749780541316e-06,0.00194952218889017,6.20816965846138e-07,0.000336282799592146,-1.07120837257525e-05,0.00213551155999394
9151.25675361174,-1.38955204712797e-05,0.000304440692467541,3.54823676809545e-06,0.00193609072344136,6.12312620299534e-07,0.000333966050250399,-1.05650571318127e-05,0.00212080473225202
9214.72207739435,-1.37048844221071e-05,0.000302348440243551,3.49964860160101e-06,0.00192275185500048,6.03924531299553e-07,0.000331665270386017,-1.0420048228612e-05,0.00210619917024787
9278.6275426167,-1.35168622353992e-05,0.000300270504922425,3.45172416051117e-06,0.00190950494398574,5.95651116177019e-07,0.000329380349741941,-1.02770293347684e-05,0.00209169417705495
9342.97620172496,-1.33314181132039e-05,0.000298206789808894,3.40445442246361e-06,0.00189634935525786,5.87490813628565e-07,0.00032711117882601,-1.01359731484525e-05,0.0020772890605359
9407.77112833456,-1.31485167467082e-05,0.000296157198834539,3.35783048653062e-06,0.00188328445808871,5.79442083433112e-07,0.000324857648905568,-9.99685274218872e-06,0.00206298313330971
9473.0154173768,-1.29681233095859e-05,0.000294121636554286,3.31184357161807e-06,0.00187030962613018,5.71503406172011e-07,0.000322619652002132,-9.85964155772855e-06,0.00204877571271928
9538.71218524687,-1.27902034514343e-05,0.000292100008142888,3.26648501488428e-06,0.00185742423738329,5.63673282952737e-07,0.000320397080886083,-9.72431340099288e-06,0.00203466612079897
9604.86456995261,-1.26147232912991e-05,0.000290092219391423,3.2217462701791e-06,0.00184462767416747,5.55950235136146e-07,0.000318189829071407,-9.59084243708417e-06,0.00202065368424259
9671.47573126437,-1.2441649411288e-05,0.00028809817670381,3.17761890650262e-06,0.00183191932309019,5.48332804067232e-07,0.000315997790810468,-9.45920318536662e-06,0.0020067377343715
9738.54885086602,-1.22709488502682e-05,0.000286117787093311,3.13409460648331e-06,0.00181929857501665,5.40819550809312e-07,0.000313820861088823,-9.32937051461325e-06,0.0019929176071029
9806.08713250685,-1.21025890976513e-05,0.000284150958179069,3.09116516487567e-06,0.00180676482503986,5.33409055881674e-07,0.000311658935620069,-9.20131963821989e-06,0.00197919264291842
9874.09380215466,-1.193653808726e-05,0.000282197598182633,3.04882248707667e-06,0.00179431747245078,5.26099919000552e-07,0.000309511910840732,-9.07502610948398e-06,0.00196556218683283
9942.57210814976,-1.17727641912793e-05,0.000280257615924505,3.0070585876613e-06,0.00178195592070884,5.18890758823482e-07,0.000307379683905199,-8.95046581694853e-06,0.00195202558836303
10011.5253213603,-1.16112362142875e-05,0.000278330920820691,2.96586558893651e-06,0.0017696795774125,5.1178021269691e-07,0.000305262152680668,-8.82761497980906e-06,0.00193858220149725
10080.9567353381,-1.14519233873699e-05,0.000276417422879268,2.92523571951381e-06,0.00175748785427022,5.04766936407102e-07,0.000303159215742161,-8.70645014338407e-06,0.00192523138466438
10150.8696664767,-1.12947953623101e-05,0.000274517032696952,2.88516131289981e-06,0.00174538016707146,4.97849603934231e-07,0.000301070772367546,-8.58694817464672e-06,0.00191197250070361
10221.267454169,-1.11398222058611e-05,0.000272629661455684,2.845634806105e-06,0.00173335593565804,4.91026907209671e-07,0.00029899672253262,-8.46908625781826e-06,0.00189880491683422
10292.1534609671,-1.09869743940927e-05,0.000270755220919222,2.80664873827008e-06,0.00172141458389558,4.84297555876413e-07,0.000296936966906206,-8.35284189002113e-06,0.00188572800462554
10363.5310727429,-1.08362228068164e-05,0.00026889362342975,2.76819574931004e-06,0.00170955553964527,4.77660277052597e-07,0.000294891406845304,-8.23819287699207e-06,0.00187274113996722
10435.4036988501,-1.0687538722085e-05,0.000267044781904488,2.73026857857551e-06,0.00169777823473574,4.711138150981e-07,0.000292859944390261,-8.12511732885328e-06,0.0018598437030396
10507.7747722864,-1.05408938107663e-05,0.000265208609832321,2.69286006353128e-06,0.00168608210493524,4.64656931384159e-07,0.000290842482259991,-8.01359365594199e-06,0.00184703507828431
10580.647749858,-1.03962601311911e-05,0.000263385021270439,2.6559631384518e-06,0.00167446658992391,4.58288404065976e-07,0.000288838923847214,-7.90360056469653e-06,0.0018343146543751
10654.0261123446,-1.02536101238725e-05,0.00026157393084098,2.61957083313342e-06,0.00166293113326634,4.52007027858289e-07,0.000286849173213747,-7.79511705359915e-06,0.00182168182418884
10727.9133646656,-1.01129166062977e-05,0.000259775253727699,2.58367627162316e-06,0.0016514751823843,4.45811613813846e-07,0.000284873135085809,-7.68812240917392e-06,0.00180913598477671
10802.3130360475,-9.97415276778924e-06,0.000257988905672633,2.54827267096396e-06,0.00164009818852966,4.39700989104791e-07,0.000282910714849382,-7.58259620203978e-06,0.00179667653733562
10877.2286801926,-9.83729216443674e-06,0.00025621480297279,2.51335333995586e-06,0.0016287996067575,4.33673996806852e-07,0.000280961818545583,-7.47851828301712e-06,0.00178430288717975
10952.6638754485,-9.70230871409659e-06,0.000254452862476843,2.47891167793347e-06,0.00161757889589947,4.27729495686395e-07,0.000279026352866087,-7.37586877928814e-06,0.00177201444371241
11028.6222249794,-9.56917669145946e-06,0.000252703001581842,2.4449411735589e-06,0.00160643551853725,4.21866359990204e-07,0.000277104225148575,-7.27462809060925e-06,0.00175981062039796
11105.1073569377,-9.43787072318492e-06,0.000250965138229929,2.41143540363054e-06,0.0015953689409763,4.16083479238055e-07,0.000275195343372216,-7.17477688557571e-06,0.00174769083473397
11182.1229246378,-9.30836578310152e-06,0.000249239190905077,2.37838803190705e-06,0.00158437863321972,4.10379758017956e-07,0.00027329961615318,-7.076296097937e-06,0.00173565450822361
11259.6726067303,-9.18063718747228e-06,0.000247525078629833,2.34579280794674e-06,0.00157346406894237,4.04754115784099e-07,0.000271416952740186,-6.979166922963e-06,0.00172370106634817
11337.7601073777,-9.05466059032395e-06,0.000245822720962076,2.31364356596181e-06,0.00156262472546511,3.99205486657424e-07,0.000269547263010081,-6.88337081385947e-06,0.0017118299385398
11416.3891564316,-8.93041197884003e-06,0.00024413203799179,2.28193422368763e-06,0.00155186008372929,3.93732819228828e-07,0.000267690457463452,-6.78888947823304e-06,0.00170004055815441
11495.5635096105,-8.80786766881567e-06,0.000242452950337848,2.2506587812665e-06,0.00154116962827135,3.88335076364922e-07,0.000265846447220264,-6.69570487460407e-06,0.00168833236244476
11575.2869486794,-8.68700430017477e-06,0.000240785379144807,2.21981132014607e-06,0.00153055284719769,3.8301123501635e-07,0.00026401514401554,-6.60379920896778e-06,0.00167670479253379
11655.5632816306,-8.5677988325473e-06,0.00023912924607972,2.18938600199197e-06,0.00152000923215968,3.77760286028622e-07,0.000262196460195058,-6.51315493140187e-06,0.00166515729338801
11736.3963428651,-8.45022854090718e-06,0.00023748447332896,2.15937706761463e-06,0.00150953827832879,3.72581233955429e-07,0.000260390308711092,-6.42375473272117e-06,0.0016536893137912
11817.7899933763,-8.33427101126869e-06,0.000235850983595052,2.12977883591006e-06,0.00149913948437202,3.67473096874403e-07,0.000258596603118174,-6.33558154117747e-06,0.00164230030631819
11899.7481209338,-8.2199041364419e-06,0.00023422870009353,2.10058570281447e-06,0.00148881235242743,3.62434906205315e-07,0.000256815257568894,-6.24861851920511e-06,0.00163098972730891
11982.2746402699,-8.10710611184509e-06,0.000232617546549795,2.07179214027239e-06,0.00147855638807983,3.57465706530647e-07,0.000255046186809722,-6.16284906021054e-06,0.00161975703684249
12065.3734932659,-7.99585543137459e-06,0.000231017447195994,2.04339269521843e-06,0.00146837110033674,3.52564555418539e-07,0.000253289306176869,-6.07825678540642e-06,0.00160860169871171
12149.0486491407,-7.88613088333003e-06,0.000229428326767909,2.01538198857219e-06,0.00145825600160437,3.47730523248053e-07,0.000251544531592167,-5.99482554068846e-06,0.00159752318039743
12233.3041046402,-7.7779115463956e-06,0.000227850110501863,1.98775471424645e-06,0.00144821060766396,3.42962693036763e-07,0.000249811779558989,-5.91253939355559e-06,0.00158652095304336
12318.1438842285,-7.67117678567516e-06,0.000226282724131635,1.96050563816811e-06,0.00143823443764811,3.38260160270586e-07,0.00024809096715819,-5.83138263007175e-06,0.00157559449143088
12403.5720402798,-7.56590624878189e-06,0.000224726093885396,1.93362959731219e-06,0.00142832701401741,3.33622032735893e-07,0.000246382012044085,-5.75133975186977e-06,0.00156474327395414
12489.5926532723,-7.46207986198036e-06,0.000223180146482648,1.90712149874831e-06,0.00141848786253719,3.29047430353806e-07,0.000244684832440445,-5.67239547319587e-06,0.00155396678259521
12576.2098319827,-7.35967782638163e-06,0.00022164480913119,1.88097631869973e-06,0.0014087165122544,3.24535485016702e-07,0.000242999347136531,-5.59453471799494e-06,0.00154326450289953
12663.427713683,-7.25868061418948e-06,0.000220120009524085,1.85518910161472e-06,0.00139901249547474,3.20085340426872e-07,0.000241325475483153,-5.51774261703543e-06,0.00153263592395137
12751.2504643373,-7.1590689649982e-06,0.000218605675836652,1.82975495925011e-06,0.00138937534773986,3.15696151937314e-07,0.000239663137388757,-5.44200450507394e-06,0.00152208053834965
12839.6822788018,-7.06082388214007e-06,0.000217101736723463,1.80466906976687e-06,0.00137980460780482,3.11367086394628e-07,0.000238012253315537,-5.3673059180583e-06,0.00151159784218373
12928.7273810244,-6.9639266290831e-06,0.000215608121315362,1.77992667683761e-06,0.00137029981761561,3.07097321983999e-07,0.000236372744275582,-5.29363259036923e-06,0.00150118733500953
13018.3900242466,-6.86835872587717e-06,0.000214124759216491,1.75552308876572e-06,0.00136086052228693,3.02886048076223e-07,0.000234744531827042,-5.22097045209957e-06,0.00149084851982566
13108.6744912069,-6.77410194564903e-06,0.000212651580501337,1.73145367761624e-06,0.00135148627008005,2.98732465076773e-07,0.000233127538070329,-5.14930562637094e-06,0.00148058090304987
13199.5850943454,-6.68113831114437e-06,0.000211188515711783,1.70771387835802e-06,0.00134217661238086,2.9463578427685e-07,0.000231521685644336,-5.07862442668694e-06,0.00147038399449553
13291.1261760091,-6.58945009131749e-06,0.00020973549585419,1.68429918801733e-06,0.0013329311036781,2.90595227706422e-07,0.000229926897722694,-5.0089133543229e-06,0.00146025730734835
13383.3021086605,-6.49901979796688e-06,0.000208292452396472,1.66120516484245e-06,0.00132374930154171,2.86610027989208e-07,0.000228343098010047,-4.940159095751e-06,0.0014502003581432
13476.1172950852,-6.40983018241681e-06,0.000206859317265204,1.63842742747944e-06,0.00131463076660131,2.82679428199589e-07,0.000226770210738355,-4.87234852010099e-06,0.00144021266674115
13569.576168603,-6.32186423224409e-06,0.000205436022842733,1.61596165415873e-06,0.00130557506252496,2.78802681721421e-07,0.000225208160663226,-4.80546867665557e-06,0.00143029375630662
13663.6831932795,-6.2351051680491e-06,0.000204022501964306,1.59380358189239e-06,0.00129658175599788,2.74979052108715e-07,0.000223656873060273,-4.73950679237995e-06,0.00142044315328471
13758.4428641392,-6.14953644027114e-06,0.000202618687915218,1.57194900568206e-06,0.0012876504167015,2.71207812948188e-07,0.000222116273721496,-4.67445026948551e-06,0.00141066038737867
13853.8597073802,-6.06514172604669e-06,0.000201224514427963,1.55039377773738e-06,0.00127878061729253,2.67488247723619e-07,0.000220586288951688,-4.61028668302652e-06,0.00140094499152752
13949.9382805904,-5.98190492611087e-06,0.00019983991567941,1.52913380670469e-06,0.00126997193338226,2.63819649682034e-07,0.000219066845564871,-4.54700377853013e-06,0.00139129650188385
14046.6831729655,-5.89981016174063e-06,0.000198464826287986,1.50816505690595e-06,0.00126122394351599,2.6020132170165e-07,0.000217557870880753,-4.48458946965849e-06,0.00138171445779174
14144.0990055278,-5.81884177174e-06,0.00019709918131088,1.48748354758776e-06,0.00125253622915256,2.56632576161597e-07,0.000216059292721214,-4.42303183590317e-06,0.00137219840176487
14242.190431347,-5.73898430946594e-06,0.000195742916241253,1.46708535218034e-06,0.00124390837464409,2.53112734813361e-07,0.000214571039406811,-4.36231912031094e-06,0.0013627478794647
14340.9621357626,-5.66022253989511e-06,0.000194395967005472,1.44696659756627e-06,0.00123533996721583,2.49641128653952e-07,0.000213093039753317,-4.30243972724092e-06,0.00135336243967892
14440.4188366077,-5.58254143673019e-06,0.000193058269960348,1.42712346335897e-06,0.00122683059694614,2.46217097800757e-07,0.000211625223068273,-4.24338222015225e-06,0.00134404163429992
14540.5652844341,-5.50592617954599e-06,0.000191729761890401,1.40755218119078e-06,0.00121837985674667,2.42839991368065e-07,0.000210167519147574,-4.18513531942228e-06,0.00133478501830353
14641.4062627396,-5.43036215097408e-06,0.000190410380005123,1.38824903401037e-06,0.00120998734234259,2.3950916734524e-07,0.000208719858272074,-4.12768790019443e-06,0.00132559214972778
14742.946588196,-5.35583493392604e-06,0.000189100061936272,1.36921035538968e-06,0.00120165265225307,2.3622399247652e-07,0.000207282171204219,-4.07102899025577e-06,0.0013164625896519
14845.1911108798,-5.28233030885437e-06,0.000187798745735169,1.35043252883982e-06,0.00119337538777177,2.3298384214242e-07,0.000205854389184695,-4.01514776794345e-06,0.00130739590217543
14948.1447145032,-5.20983425105085e-06,0.000186506369870013,1.3319119871363e-06,0.00118515515294762,2.29788100242725e-07,0.000204436443929114,-3.96003356008005e-06,0.00129839165439746
15051.8123166476,-5.13833292798156e-06,0.000185222873223211,1.31364521165305e-06,0.00117699155456558,2.26636159081044e-07,0.000203028267624711,-3.90567583993696e-06,0.00128944941639604
15156.1988689989,-5.06781269665841e-06,0.000183948195088724,1.29562873170542e-06,0.00116888420212769,2.23527419250905e-07,0.000201629792927068,-3.85206422522599e-06,0.00128056876120772
15261.3093575835,-4.99826010104627e-06,0.000182682275169418,1.27785912390184e-06,0.00116083270783407,2.20461289523377e-07,0.000200240952956861,-3.79918847611811e-06,0.00127174926480719
15367.1488030065,-4.92966186950572e-06,0.000181425053574445,1.26033301150421e-06,0.00115283668656428,2.17437186736201e-07,0.000198861681296638,-3.74703849328976e-06,0.00126299050608716
15473.7222606918,-4.8620049122703e-06,0.000180176470816623,1.24304706379668e-06,0.00114489575585859,2.14454535684392e-07,0.000197491911987603,-3.69560431599555e-06,0.00125429206683823
15581.0348211234,-4.79527631895858e-06,0.000178936467809838,1.22599799546298e-06,0.00113700953589957,2.11512769012322e-07,0.000196131579526436,-3.64487612016767e-06,0.00124565353172905
15689.0916100885,-4.72946335611971e-06,0.00017770498586646,1.20918256597191e-06,0.00112917764949366,2.08611327107235e-07,0.000194780618862134,-3.59484421654112e-06,0.00123707448828652
15797.8977889225,-4.66455346481286e-06,0.000176481966694772,1.19259757897119e-06,0.00112139972205295,2.05749657994198e-07,0.000193438965392869,-3.54549904880485e-06,0.00122855452687615
15907.4585547554,-4.60053425821927e-06,0.000175267352396411,1.17623988168926e-06,0.00111367538157711,2.02927217232455e-07,0.000192106554962868,-3.496831191778e-06,0.00122009324068254
16017.7791407599,-4.53739351928727e-06,0.000174061085463828,1.1601063643451e-06,0.00110600425863539,2.0014346781318e-07,0.000190783323859327,-3.44883134961139e-06,0.00121169022569006
16128.8648164017,-4.47511919840899e-06,0.000172863108777758,1.144193959566e-06,0.00109838598634873,1.97397880058585e-07,0.000189469208809328,-3.40149035401339e-06,0.00120334508066353
16240.720887691,-4.41369941112922e-06,0.000171673365604706,1.12849964181301e-06,0.0010908202003721,1.94689931522403e-07,0.000188164146976792,-3.3547991625004e-06,0.00119505740712919
16353.352697436,-4.35312243588505e-06,0.000170491799594442,1.11302042681412e-06,0.00108330653887688,1.92019106891684e-07,0.000186868075959447,-3.30874885667099e-06,0.0011868268093557
16466.765625498,-4.29337671177682e-06,0.000169318354777525,1.09775337100506e-06,0.00107584464253335,1.89384897889935e-07,0.000185580933785823,-3.26333064050401e-06,0.00117865289433528
16580.9650890484,-4.23445083636907e-06,0.000168152975562819,1.08269557097746e-06,0.00106843415449339,1.86786803181537e-07,0.000184302658912258,-3.21853583867977e-06,0.00117053527176497
16695.9565428276,-4.17633356352181e-06,0.000166995606735041,1.06784416293452e-06,0.0010610747203732,1.84224328277465e-07,0.000183033190219937,-3.17435589492443e-06,0.00116247355402812
16811.7454794054,-4.11901380125116e-06,0.000165846193452315,1.05319632215387e-06,0.00105376598823624,1.81696985442259e-07,0.000181772467011941,-3.1307823703769e-06,0.00115446735617584
16928.3374294433,-4.06248060961936e-06,0.000164704681243742,1.03874926245772e-06,0.00104650760857621,1.79204293602264e-07,0.000180520429010326,-3.08780694197833e-06,0.00114651629590872
17045.737961959,-4.00672319865344e-06,0.00016357101600698,1.02450023568997e-06,0.0010392992343002,1.76745778255085e-07,0.000179277016353216,-3.04542140088344e-06,0.0011386199935586
17163.9526845917,-3.95173092629243e-06,0.000162445144005846,1.01044653120049e-06,0.00103214052071193,1.74320971380277e-07,0.000178042169591918,-3.00361765089389e-06,0.00113077807207047
17282.9872438709,-3.89749329636243e-06,0.00016132701186792,9.9658547533616e-07,0.0010250311254951,1.71929411351223e-07,0.000176815829688062,-2.96238770691288e-06,0.00112299015698455
17402.8473254854,-3.84399995657954e-06,0.000160216566582177,9.82914430938857e-07,0.00101797070869694,1.69570642848208e-07,0.000175597938010753,-2.92172369342111e-06,0.00111525587641841
17523.5386545551,-3.7912406965798e-06,0.000159113755496619,9.69430796850069e-07,0.00101095893271173,1.67244216772657e-07,0.000174388436333746,-2.88161784297355e-06,0.00110757486104927
17645.0669959044,-3.7392054459763e-06,0.000158018526315931,9.56132007422254e-07,0.00100399546226459,1.64949690162534e-07,0.000173187266832648,-2.84206249471686e-06,0.0010999467440964
17767.4381543379,-3.68788427244256e-06,0.000156930827099143,9.43015532036676e-07,0.000997079964395272,1.62686626108872e-07,0.000171994372082126,-2.80305009292706e-06,0.00109237116130366
17890.6579749169,-3.63726737982232e-06,0.000155850606257313,9.30078874627775e-07,0.000990212108442105,1.6045459367344e-07,0.000170809695053148,-2.76457318556738e-06,0.00108484775092211
18014.7323432395,-3.58734510626492e-06,0.000154777812551214,9.17319573213872e-07,0.000983391566026069,1.58253167807506e-07,0.000169633179110233,-2.72662442286571e-06,0.00107737615369282
18139.667185721,-3.53810792238639e-06,0.000153712395089046,9.04735199434237e-07,0.000976618011034968,1.56081929271705e-07,0.000168464768008729,-2.68919655591176e-06,0.00106995601282971
18265.4684698776,-3.48954642945537e-06,0.000152654303324152,8.92323358092312e-07,0.000969891119607693,1.53940464556986e-07,0.0001673044058921,-2.65228243527323e-06,0.00106258697400259
18392.1422046107,-3.44165135760413e-06,0.000151603487052751,8.80081686705136e-07,0.000963210570118636,1.51828365806621e-07,0.000166152037289246,-2.61587500963116e-06,0.00105526868532022
18519.6944404947,-3.39441356406373e-06,0.000150559896411686,8.68007855058777e-07,0.000956576043162176,1.49745230739271e-07,0.000165007607111821,-2.57996732443379e-06,0.00104800079731359
18648.1312700654,-3.34782403142354e-06,0.000149523481876181,8.5609956476979e-07,0.000949987221537302,1.47690662573087e-07,0.000163871060651598,-2.54455252056911e-06,0.00104078296291926
18777.4588281112,-3.30187386591431e-06,0.000148494194257617,8.4435454885253e-07,0.000943443790232321,1.45664269950839e-07,0.000162742343577822,-2.50962383305537e-06,0.00103361483746279
18907.6832919665,-3.25655429571491e-06,0.000147471984701316,8.32770571292318e-07,0.000936945436409691,1.43665666866049e-07,0.000161621401934606,-2.4751745897497e-06,0.00102649607864235
19038.810881806,-3.21185666928209e-06,0.00014645680468434,8.2134542662436e-07,0.000930491849390956,1.41694472590135e-07,0.000160508182138331,-2.44119821007444e-06,0.00101942634651236
19170.8478609426,-3.16777245370305e-06,0.000145448606013304,8.1007693951829e-07,0.000924082720641776,1.3975031160052e-07,0.00015940263097507,-2.40768820376081e-06,0.00101240530346734
19303.8005361258,-3.12429323307061e-06,0.000144447340822202,7.9896296436837e-07,0.000917717743757079,1.37832813509733e-07,0.000158304695598028,-2.37463816960996e-06,0.00100543261422581
19437.6752578439,-3.08141070688049e-06,0.000143452961570244,7.88001384889149e-07,0.000911396614446298,1.35941612995447e-07,0.000157214323525001,-2.34204179427086e-06,0.000998507945814244
19572.4784206263,-3.03911668845062e-06,0.00014246542103971,7.77190113716637e-07,0.000905119030518736,1.34076349731485e-07,0.000156131462635854,-2.30989285103511e-06,0.000991630967551298
19708.2164633496,-2.99740310336185e-06,0.000141484672333812,7.66527092014787e-07,0.000898884691869006,1.32236668319738e-07,0.00015505606117001,-2.27818519864812e-06,0.000984801351031971
19844.8958695448,-2.95626198792025e-06,0.00014051066887457,7.56010289087342e-07,0.000892693300462595,1.30422218223018e-07,0.000153988067723968,-2.24691278013673e-06,0.000978018770111989
19982.5231677076,-2.91568548764019e-06,0.000139543364400707,7.45637701994869e-07,0.000886544560321513,1.28632653698814e-07,0.000152927431248826,-2.21606962165275e-06,0.00097128290089224
20121.1049316092,-2.87566585574828e-06,0.000138582712965547,7.35407355177001e-07,0.000880438177510063,1.26867633733941e-07,0.000151874101047831,-2.18564983133255e-06,0.000964593421703346
20260.6477806113,-2.83619545170772e-06,0.000137628668934933,7.25317300079733e-07,0.000874373860120678,1.25126821980081e-07,0.000150828026773941,-2.15564759817211e-06,0.000957950013090317
20401.1583799816,-2.79726673976288e-06,0.000136681186985154,7.15365614787799e-07,0.000868351318259899,1.23409886690191e-07,0.000149789158427404,-2.12605719091764e-06,0.000951352357797333
20542.6434412127,-2.75887228750371e-06,0.000135740222100887,7.05550403661952e-07,0.00086237026403441,1.21716500655768e-07,0.000148757446353357,-2.09687295697128e-06,0.000944800140752606
20685.1097223421,-2.72100476444982e-06,0.00013480572957315,6.95869796981205e-07,0.000856430411537201,1.20046341144977e-07,0.000147732841239441,-2.06808932131195e-06,0.000938293049053374
20828.5640282755,-2.6836569406539e-06,0.000133877664997268,6.8632195058984e-07,0.000850531476833811,1.18399089841599e-07,0.000146715294113427,-2.03970078543088e-06,0.000931830771950964
20973.0132111114,-2.64682168532431e-06,0.00013295598427085,6.76905045549251e-07,0.000844673177948677,1.16774432784822e-07,0.000145704756340869,-2.0117019262818e-06,0.000925413000835997
21118.464170469,-2.61049196546636e-06,0.000132040643591781,6.67617287794426e-07,0.000838855234851568,1.15172060309838e-07,0.000144701179622761,-1.98408739524552e-06,0.000919039429223654
21264.923853817,-2.57466084454237e-06,0.000131131599456228,6.58456907795128e-07,0.000833077369444128,1.13591666989245e-07,0.000143704515993224,-1.9568519171087e-06,0.000912709752739079
21412.3992568061,-2.53932148114983e-06,0.000130228808656648,6.49422160221618e-07,0.000827339305546494,1.12032951575251e-07,0.000142714717817196,-1.92999028905661e-06,0.000906423669102851
21560.8974236026,-2.50446712771791e-06,0.000129332228279824,6.40511323614918e-07,0.000821640768884031,1.10495616942651e-07,0.000141731737788148,-1.90349737967977e-06,0.000900180878116587
21710.4254472254,-2.4700911292215e-06,0.000128441815704898,6.31722700061519e-07,0.000815981487074137,1.08979370032586e-07,0.00014075552892581,-1.87736812799414e-06,0.000893981081648608
21860.9904698845,-2.43618692191312e-06,0.000127557528601427,6.23054614872509e-07,0.000810361189613157,1.07483921797059e-07,0.000139786044573916,-1.85159754247479e-06,0.000887823983619742
22012.599683322,-2.40274803207196e-06,0.000126679324927448,6.14505416267011e-07,0.000804779607863373,1.06008987144203e-07,0.000138823238397961,-1.82618070010278e-06,0.000881709289989187
22165.260329156,-2.3697680747702e-06,0.000125807162927548,6.06073475059949e-07,0.000799236475040109,1.04554284884297e-07,0.000137867064382981,-1.80111274542521e-06,0.000875636708740508
22318.9796992262,-2.33724075265606e-06,0.00012494100113096,5.97757184353989e-07,0.00079373152619889,1.0311953767651e-07,0.00013691747683134,-1.77638888962803e-06,0.000869605949867691
22473.7651359423,-2.30515985475366e-06,0.000124080798349656,5.89554959235695e-07,0.000788264498222732,1.01704471976366e-07,0.000135974430360536,-1.75200440962167e-06,0.000863616725361331
22629.6240326348,-2.27351925527912e-06,0.000123226513676464,5.81465236475763e-07,0.000782835129809481,1.00308817983927e-07,0.000135037879901024,-1.72795464713919e-06,0.000857668749194881
22786.5638339077,-2.24231291247307e-06,0.000122378106483188,5.73486474233355e-07,0.000777443161459276,9.89323095926775e-08,0.000134107780694053,-1.70423500784675e-06,0.000851761737311025
22944.592035995,-2.21153486744891e-06,0.000121535536418743,5.65617151764381e-07,0.000772088335462068,9.75746843390966e-08,0.000133184088289516,-1.68084096046635e-06,0.000845895407608118
23103.7161871177,-2.18117924305702e-06,0.000120698763407308,5.57855769133803e-07,0.000766770395885254,9.62356833529268e-08,0.000132266758543817,-1.65776803591054e-06,0.000840069479926743
23263.9438878451,-2.15124024276439e-06,0.000119867747646476,5.50200846931772e-07,0.00076148908856137,9.49150513081075e-08,0.000131355747617752,-1.63501182642908e-06,0.00083428367603634
23425.2827914574,-2.12171214954968e-06,0.000119042449605431,5.42650925993662e-07,0.000756244161075899,9.36125363743802e-08,0.000130451011974408,-1.61256798476721e-06,0.000828537719621941
23587.7406043117,-2.09258932481331e-06,0.000118222830023124,5.35204567123858e-07,0.000751035362755134,9.23278901695483e-08,0.000129552508377069,-1.59043222333552e-06,0.000822831336270986
23751.3250862094,-2.06386620730253e-06,0.000117408849906474,5.27860350823331e-07,0.000745862444654153,9.10608677123898e-08,0.000128660193887146,-1.56860031339123e-06,0.000817164253460241
23916.0440507678,-2.03553731205117e-06,0.000116600470528563,5.20616877020861e-07,0.000740725159544855,8.9811227376203e-08,0.000127774025862113,-1.54706808423063e-06,0.000811536200542793
24081.9053657923,-2.00759722933395e-06,0.000115797653426858,5.13472764807953e-07,0.000735623261904099,8.85787308429907e-08,0.000126893961953465,-1.52583142239267e-06,0.000805946908735143
24248.9169536531,-1.98004062363499e-06,0.000115000360401439,5.06426652177301e-07,0.000730556507901905,8.73631430582607e-08,0.000126019960104682,-1.50488627087342e-06,0.000800396111104382
24417.0867916629,-1.95286223263065e-06,0.000114208553513232,4.99477195764848e-07,0.000725524655389761,8.61642321864469e-08,0.000125151978549217,-1.48422862835136e-06,0.000794883542555468
24586.4229124585,-1.92605686618604e-06,0.000113422195082263,4.92623070595298e-07,0.000720527463888985,8.49817695669299e-08,0.000124289975808484,-1.46385454842322e-06,0.000789408939818564
24756.933404384,-1.89961940536545e-06,0.000112641247685917,4.85862969831128e-07,0.000715564694579198,8.38155296706614e-08,0.000123433910689879,-1.44376013885039e-06,0.000783972041436494
24928.6264118777,-1.87354480145628e-06,0.000111865674157211,4.79195604524963e-07,0.000710636110286844,8.26652900573741e-08,0.000122583742284795,-1.42394156081561e-06,0.000778572587752263
25101.5101358603,-1.84782807500631e-06,0.000111095437583074,4.72619703375355e-07,0.000705741475473822,8.15308313333769e-08,0.000121739429966666,-1.40439502818988e-06,0.000773210320896673
25275.5928341276,-1.82246431487413e-06,0.000110330501302644,4.66134012485838e-07,0.000700880556226169,8.04119371099206e-08,0.000120900933389016,-1.38511680680942e-06,0.000767884984776019
25450.882821744,-1.79744867729269e-06,0.00010957082890557,4.5973729512729e-07,0.000696053120242848,7.93083939621348e-08,0.000120068212483525,-1.36610321376254e-06,0.000762596325059876
25627.3884714405,-1.77277638494551e-06,0.000108816384230328,4.53428331503491e-07,0.000691258936824588,7.82199913885171e-08,0.000119241227458107,-1.34735061668632e-06,0.000757344089168958
25805.1182140139,-1.74844272605566e-06,0.000108067131362548,4.47205918519899e-07,0.000686497776862827,7.71465217709811e-08,0.000118419938795002,-1.32885543307293e-06,0.000752128026263079
25984.08053873,-1.72444305348717e-06,0.000107323034633351,4.41068869555529e-07,0.000681769412828708,7.60877803354404e-08,0.000117604307248881,-1.31061412958541e-06,0.000746947887229174
26164.2839937291,-1.70077278385872e-06,0.000106584058617693,4.35016014237966e-07,0.00067707361876217,7.50435651129341e-08,0.000116794293844967,-1.29262322138295e-06,0.00074180342466942
26345.7371864336,-1.67742739666957e-06,0.000105850168132728,4.29046198221423e-07,0.00067241017026111,7.40136769012821e-08,0.000115989859877163,-1.27487927145533e-06,0.000736694392889439
26528.4487839603,-1.65440243343728e-06,0.000105121328236173,4.23158282967799e-07,0.000667778844470607,7.29979192272563e-08,0.000115190966906196,-1.25737888996651e-06,0.000731620547886561
26712.4275135331,-1.63169349684746e-06,0.000104397504224691,4.17351145530745e-07,0.000663179420072249,7.19960983092749e-08,0.00011439757675778,-1.24011873360727e-06,0.000726581647338195
26897.6821629011,-1.60929624991496e-06,0.000103678661632274,4.11623678342641e-07,0.000658611677273499,7.10080230205981e-08,0.000113609651520778,-1.22309550495668e-06,0.000721577450590258
27084.2215807571,-1.58720641515672e-06,0.000102964766228652,4.05974789004475e-07,0.000654075397797171,7.0033504853029e-08,0.000112827153545392,-1.20630595185238e-06,0.000716607718645705
27272.0546771616,-1.56541977377578e-06,0.000102255784017692,4.00403400078586e-07,0.000649570364870946,6.90723578811065e-08,0.000112050045441354,-1.18974686676941e-06,0.000711672214153107
27461.1904239671,-1.54393216485665e-06,0.00010155168123583,3.94908448884222e-07,0.000645096363216988,6.81243987267881e-08,0.000111278290076135,-1.17341508620769e-06,0.000706770701395348
27651.6378552475,-1.52273948457152e-06,0.000100852424350493,3.89488887295874e-07,0.000640653179041611,6.71894465246112e-08,0.000110511850573167,-1.1573074900878e-06,0.000701902946278357
27843.4060677294,-1.50183768539752e-06,0.000100157980058546,3.84143681544364e-07,0.000636240600025039,6.62673228873323e-08,0.000109750690310074,-1.1414210011551e-06,0.000697068716319953
28036.5042212264,-1.48122277534453e-06,9.94683152847355e-05,3.78871812020627e-07,0.000631858415311211,6.53578518720303e-08,0.000108994772916915,-1.125752584392e-06,0.000692267780638743
28230.9415390768,-1.4608908171937e-06,9.87833971801592e-05,3.73672273082175e-07,0.000627506415497685,6.44608599466764e-08,0.000108244062274448,-1.11029924643833e-06,0.000687499909943111
28426.7273085842,-1.44083792774635e-06,9.81031931207305e-05,3.68544072862183e-07,0.000623184392625587,6.35761759571549e-08,0.000107498522512391,-1.09505803501959e-06,0.00068276487652027
28623.8708814609,-1.42106027708314e-06,9.74276707056622e-05,3.63486233081191e-07,0.00061889214016965,6.27036310947382e-08,0.000106758118007708,-1.08002603838317e-06,0.000678062454225405
28822.3816742749,-1.40155408783344e-06,9.67567977559556e-05,3.5849778886134e-07,0.000614629453028305,6.18430588639999e-08,0.000106022813382902,-1.06520038474215e-06,0.000673392418470871
29022.2691688993,-1.38231563445467e-06,9.60905423129028e-05,3.53577788543173e-07,0.000610396127513861,6.09942950511706e-08,0.00010529257350432,-1.05057824172686e-06,0.000668754546215486
29223.5429129655,-1.36334124252149e-06,9.54288726365952e-05,3.48725293504901e-07,0.000606191961342724,6.01571776929212e-08,0.000104567363480466,-1.03615681584391e-06,0.000664148615953876
29426.2125203191,-1.34462728802485e-06,9.47717572044448e-05,3.4393937798415e-07,0.000602016753625722,5.93315470455742e-08,0.000103847148660336,-1.02193335194262e-06,0.00065957440770592
29630.2876714792,-1.32617019668045e-06,9.41191647097127e-05,3.39219128902113e-07,0.000597870304858455,5.85172455547328e-08,0.000103131894631752,-1.00790513268884e-06,0.000655031703006233
29835.7781141006,-1.30796644324688e-06,9.34710640600493e-05,3.34563645690129e-07,0.000593752416911751,5.77141178253268e-08,0.000102421567219718,-9.940694780459e-07,0.000650520284893761
30042.6936634399,-1.29001255085295e-06,9.2827424376042e-05,3.2997204011859e-07,0.000589662893022161,5.6922010592064e-08,0.000101716132484777,-9.80423744762783e-07,0.000646039937901407
30251.0442028234,-1.27230509033432e-06,9.21882149897744e-05,3.25443436128208e-07,0.00058560153778253,5.61407726902879e-08,0.000101015556721395,-9.66965325869236e-07,0.000641590448045766
30460.8396841202,-1.25484067957915e-06,9.15534054433929e-05,3.20976969663557e-07,0.000581568157132638,5.5370255027229e-08,0.000100319806456337,-9.53691650177838e-07,0.000637171602816897
30672.0901282168,-1.23761598288283e-06,9.09229654876847e-05,3.16571788508905e-07,0.000577562558349895,5.46103105536533e-08,9.96288484470675e-05,-9.4060018179293e-07,0.000632783191168197
30884.8056254963,-1.22062771031143e-06,9.02968650806628e-05,3.12227052126262e-07,0.000573584550040109,5.3860794235892e-08,9.89426496801605e-05,-9.27688419626225e-07,0.000628425003506312
31098.9963363199,-1.20387261707393e-06,8.96750743861633e-05,3.07941931495653e-07,0.000569633942128317,5.31215630282579e-08,9.82611773697156e-05,-9.14953896919128e-07,0.000624096831681151
31314.6724915125,-1.18734750290307e-06,8.90575637724481e-05,3.03715608957557e-07,0.000565710545849674,5.2392475845835e-08,9.75843989557878e-05,-9.02394180771548e-07,0.000619798468975937
31531.8443928511,-1.17104921144467e-06,8.84443038108209e-05,2.99547278057499e-07,0.000561814173740414,5.16733935376403e-08,9.69122821028302e-05,-8.90006871677234e-07,0.000615529710097351
31750.5224135575,-1.15497462965525e-06,8.78352652742482e-05,2.95436143392757e-07,0.000557944639628862,5.09641788601522e-08,9.62447946981437e-05,-8.77789603065435e-07,0.000611290351165727
31970.7169987928,-1.13912068720808e-06,8.72304191359933e-05,2.91381420461165e-07,0.000554101758626527,5.02646964512009e-08,9.55819048503403e-05,-8.65740040848899e-07,0.000607080189705331
32192.4386661572,-1.12348435590713e-06,8.66297365682553e-05,2.87382335511968e-07,0.000550285347119228,4.95748128042123e-08,9.49235808878154e-05,-8.53855882978018e-07,0.000602899024634683
32415.6980061919,-1.10806264910928e-06,8.60331889408212e-05,2.83438125398723e-07,0.000546495222758316,4.88943962428078e-08,9.4269791357232e-05,-8.42134859001156e-07,0.000598746656256974
32640.5056828852,-1.09285262115432e-06,8.54407478197227e-05,2.79548037434193e-07,0.000542731204451926,4.82233168957467e-08,9.36205050220138e-05,-8.30574729630946e-07,0.000594622886250526
32866.8724341813,-1.07785136680277e-06,8.48523849659059e-05,2.75711329247234e-07,0.00053899311235631,4.75614466722144e-08,9.29756908608504e-05,-8.19173286316591e-07,0.000590527517659327
33094.8090724944,-1.06305602068146e-06,8.42680723339058e-05,2.71927268641618e-07,0.000535280767867221,4.69086592374444e-08,9.23353180662115e-05,-8.07928350821992e-07,0.000586460354883633
33324.3264852235,-1.04846375673666e-06,8.36877820705333e-05,2.68195133456802e-07,0.000531593993611359,4.62648299886769e-08,9.16993560428726e-05,-7.96837774809707e-07,0.000582421203670633
33555.4356352742,-1.03407178769473e-06,8.31114865135675e-05,2.64514211430573e-07,0.000527932613437874,4.56298360314419e-08,9.10677744064493e-05,-7.8589943943057e-07,0.000578409871105168
33788.1475615808,-1.01987736453015e-06,8.25391581904598e-05,2.6088380006359e-07,0.000524296452409934,4.50035561561703e-08,9.04405429819437e-05,-7.75111254918994e-07,0.000574426165600537
34022.4733796346,-1.00587777594086e-06,8.19707698170434e-05,2.57303206485754e-07,0.000520685336796342,4.43858708151202e-08,8.98176318022993e-05,-7.64471160193779e-07,0.000570469896889338
34258.4242820144,-9.9207034783078e-07,8.1406294296254e-05,2.53771747324422e-07,0.000517099094063221,4.37766620996221e-08,8.91990111069666e-05,-7.53977122464439e-07,0.0005665408760144
34496.0115389212,-9.78452442799408e-07,8.08457047168572e-05,2.50288748574398e-07,0.000513537552865748,4.31758137176325e-08,8.85846513404785e-05,-7.43627136842895e-07,0.000562638915319748
34735.2464987164,-9.65021459638459e-07,8.02889743521857e-05,2.46853545469716e-07,0.000510000543039955,4.25832109715954e-08,8.79745231510359e-05,-7.33419225960532e-07,0.000558763828441662
34976.1405884643,-9.51774832835344e-07,7.97360766588833e-05,2.43465482357163e-07,0.000506487895594572,4.19987407366051e-08,8.73685973891018e-05,-7.23351439590475e-07,0.000554915430299765
35218.7053144771,-9.38710032083523e-07,7.91869852756588e-05,2.40123912571534e-07,0.000502999442702944,4.14222914388695e-08,8.67668451060074e-05,-7.13421854275085e-07,0.000551093537088203
35462.9522628655,-9.25824561799504e-07,7.86416740220467e-05,2.36828198312584e-07,0.00049953501769499,4.08537530344642e-08,8.6169237552565e-05,-7.03628572958527e-07,0.00054729796626686
35708.8931000911,-9.13115960646528e-07,7.81001168971779e-05,2.3357771052367e-07,0.000496094455049228,4.02930169883813e-08,8.5575746177694e-05,-6.93969724624428e-07,0.000543528536552652
35956.5395735246,-9.00581801064719e-07,7.7562288078556e-05,2.30371828772035e-07,0.000492677590384842,3.973997625386e-08,8.49863426270521e-05,-6.84443463938452e-07,0.000539785067910866
36205.9035120061,-8.88219688807741e-07,7.70281619208449e-05,2.27209941130744e-07,0.000489284260453824,3.91945252520037e-08,8.44009987416803e-05,-6.75047970895835e-07,0.000536067381546576
36456.9968264106,-8.76027262485749e-07,7.64977129546615e-05,2.24091444062215e-07,0.000485914303133147,3.86565598516726e-08,8.38196865566539e-05,-6.65781450473713e-07,0.000532375299896095
36709.831510217,-8.64002193114643e-07,7.5970915885378e-05,2.21015742303356e-07,0.000482567557417009,3.81259773496524e-08,8.32423782997448e-05,-6.56642132288242e-07,0.000528708646618511
36964.4196400802,-8.52142183671506e-07,7.54477455919328e-05,2.17982248752263e-07,0.000479243863409131,3.76026764510957e-08,8.26690463900928e-05,-6.47628270256436e-07,0.000525067246587261
37220.7733764093,-8.40444968656092e-07,7.49281771256468e-05,2.14990384356459e-07,0.00047594306231509,3.70865572502263e-08,8.20996634368847e-05,-6.38738142262603e-07,0.000521450925881775
37478.9049639467,-8.2890831365839e-07,7.44121857090507e-05,2.12039578002679e-07,0.000472664996434732,3.65775212113129e-08,8.15342022380449e-05,-6.29970049829415e-07,0.000517859511779172
37738.8267323548,-8.17530014932057e-07,7.38997467347171e-05,2.09129266408138e-07,0.00046940950915461,3.60754711498979e-08,8.09726357789322e-05,-6.21322317793434e-07,0.000514292832746012
38000.5510968034,-8.06307898973752e-07,7.33908357641035e-05,2.06258894013301e-07,0.0004661764449405,3.55803112142867e-08,8.04149372310488e-05,-6.12793293985148e-07,0.000510750718430115
38264.0905585636,-7.95239822108192e-07,7.28854285263998e-05,2.03427912876108e-07,0.000462965649329946,3.50919468672871e-08,7.9861079950755e-05,-6.04381348913342e-07,0.000507232999652418
38529.4577056047,-7.84323670078939e-07,7.2383500917386e-05,2.00635782567656e-07,0.000459776968924874,3.46102848682008e-08,7.93110374779957e-05,-5.96084875453856e-07,0.000503739508398906
38796.6652131954,-7.73557357644762e-07,7.18850289982964e-05,1.97881970069286e-07,0.000456610251384248,3.41352332550592e-08,7.87647835350331e-05,-5.87902288542559e-07,0.000500270077812589
39065.7258445091,-7.62938828181565e-07,7.13899889946915e-05,1.95165949671104e-07,0.00045346534541678,3.36667013271038e-08,7.82222920251908e-05,-5.7983202487259e-07,0.000496824542185538
39336.6524512341,-7.52466053289743e-07,7.08983572953371e-05,1.92487202871858e-07,0.000450342100773683,3.32045996275045e-08,7.76835370316038e-05,-5.71872542595703e-07,0.000493402736950966
39609.4579741865,-7.4213703240696e-07,7.04101104510923e-05,1.89845218280215e-07,0.000447240368241494,3.27488399263162e-08,7.714849281598e-05,-5.64022321027762e-07,0.000490004498675387
39884.1554439296,-7.3194979242619e-07,6.99252251738025e-05,1.87239491517358e-07,0.000444159999634916,3.22993352036664e-08,7.6617133817367e-05,-5.56279860358225e-07,0.000486629665050794
40160.7579813948,-7.21902387319048e-07,6.94436783352027e-05,1.84669525120937e-07,0.000441100847789744,3.18559996331746e-08,7.60894346509313e-05,-5.48643681363665e-07,0.00048327807488693
40439.2787985098,-7.11992897764232e-07,6.89654469658254e-05,1.82134828450318e-07,0.000438062766555808,3.14187485655972e-08,7.55653701067421e-05,-5.41112325125179e-07,0.000479949568103575
40719.7311988284,-7.02219430781115e-07,6.84905082539181e-05,1.79634917593136e-07,0.000435045610789991,3.09874985126972e-08,7.50449151485666e-05,-5.33684352749715e-07,0.000476643985722916
41002.1285781671,-6.92580119368311e-07,6.80188395443657e-05,1.77169315273121e-07,0.000432049236349272,3.05621671313331e-08,7.4528044912671e-05,-5.26358345095182e-07,0.000473361169861951
41286.4844252437,-6.83073122147245e-07,6.75504183376233e-05,1.74737550759188e-07,0.000429073500083841,3.01426732077676e-08,7.40147347066325e-05,-5.19132902499377e-07,0.000470100963724953
41572.812322323,-6.73696623010562e-07,6.70852222886522e-05,1.72339159775764e-07,0.00042611825983024,2.97289366421882e-08,7.35049600081569e-05,-5.1200664451259e-07,0.000466863211595981
41861.1259458642,-6.64448830775411e-07,6.66232292058668e-05,1.69973684414346e-07,0.000423183374404567,2.93208784334429e-08,7.29986964639065e-05,-5.04978209633913e-07,0.000463647758831454
42151.4390671752,-6.55327978841428e-07,6.61644170500856e-05,1.67640673046268e-07,0.000420268703595716,2.89184206639811e-08,7.24959198883342e-05,-4.98046255051143e-07,0.000460454451852756
42443.7655530697,-6.46332324853469e-07,6.57087639334918e-05,1.65339680236662e-07,0.000417374108158673,2.85214864850042e-08,7.19966062625278e-05,-4.91209456384273e-07,0.000457283138138915
42738.1193665299,-6.37460150368908e-07,6.52562481185981e-05,1.63070266659584e-07,0.000414499449807848,2.81300001018164e-08,7.15007317330597e-05,-4.84466507432488e-07,0.000454133666219311
43034.5145673733,-6.28709760529553e-07,6.48068480172214e-05,1.60831999014324e-07,0.000411644591210469,2.77438867593778e-08,7.10082726108476e-05,-4.77816119924649e-07,0.000451005885666452
43332.9653129246,-6.20079483738017e-07,6.43605421894615e-05,1.58624449942835e-07,0.000408809395979999,2.73630727280541e-08,7.05192053700197e-05,-4.71257023273182e-07,0.000447899647088787
43633.4858586911,-6.11567671338564e-07,6.39173093426894e-05,1.56447197948312e-07,0.000405993728669621,2.69874852895625e-08,7.0033506646791e-05,-4.64787964331371e-07,0.000444814802123577
43936.0905590448,-6.03172697302298e-07,6.34771283305401e-05,1.54299827314865e-07,0.000403197454765753,2.66170527231085e-08,6.95511532383446e-05,-4.58407707153948e-07,0.000441751203429805
44240.7938679069,-5.94892957916708e-07,6.30399781519136e-05,1.52181928028317e-07,0.000400420440681617,2.62517042917142e-08,6.9072122101723e-05,-4.52115032761007e-07,0.000438708704681153
44547.6103394389,-5.86726871479431e-07,6.26058379499821e-05,1.50093095698054e-07,0.000397662553750843,2.58913702287313e-08,6.8596390352725e-05,-4.45908738905122e-07,0.000435687160558999
44856.5546287376,-5.7867287799625e-07,6.2174687011204e-05,1.48032931479974e-07,0.00039492366222113,2.55359817245417e-08,6.81239352648123e-05,-4.39787639841694e-07,0.000432686426745497
45167.641492535,-5.70729438883208e-07,6.17465047643441e-05,1.46001042000463e-07,0.000392203635247935,2.51854709134372e-08,6.76547342680216e-05,-4.33750566102415e-07,0.000429706359916668
45480.8857899031,-5.62895036672831e-07,6.13212707795015e-05,1.43997039281437e-07,0.000389502342888222,2.48397708606815e-08,6.71887649478859e-05,-4.27796364271878e-07,0.000426746817735573
45796.3024829641,-5.55168174724356e-07,6.08989647671423e-05,1.42020540666389e-07,0.000386819656094239,2.44988155497466e-08,6.67260050443621e-05,-4.21923896767224e-07,0.000423807658845504
46113.9066376045,-5.4754737693796e-07,6.04795665771411e-05,1.40071168747459e-07,0.000384155446707354,2.41625398697266e-08,6.62664324507669e-05,-4.1613204162083e-07,0.000420888742863247
46433.713424195,-5.4003118747288e-07,6.00630561978264e-05,1.38148551293496e-07,0.000381509587451914,2.38308796029215e-08,6.58100252127191e-05,-4.10419692265967e-07,0.000417989930372364
46755.7381183149,-5.32618170469431e-07,5.96494137550347e-05,1.3625232117911e-07,0.000378881951929169,2.3503771412593e-08,6.53567615270902e-05,-4.04785757325415e-07,0.000415111082916552
47079.9961014825,-5.25306909774808e-07,5.92386195111695e-05,1.34382116314692e-07,0.000376272414611214,2.31811528308859e-08,6.49066197409613e-05,-3.99229160402962e-07,0.000412252062993021
47406.5028618884,-5.18096008672674e-07,5.88306538642675e-05,1.32537579577391e-07,0.000373680850834997,2.28629622469171e-08,6.44595783505882e-05,-3.93748839877783e-07,0.000409412734045932
47735.2739951367,-5.10984089616431e-07,5.84254973470701e-05,1.30718358743033e-07,0.000371107136796347,2.25491388950253e-08,6.40156160003722e-05,-3.88343748701621e-07,0.000406592960459876
48066.3252049891,-5.0396979396618e-07,5.80231306261027e-05,1.28924106418982e-07,0.00036855114954406,2.22396228431838e-08,6.35747114818404e-05,-3.83012854198773e-07,0.000403792607553404
48399.6723041153,-4.97051781729261e-07,5.76235345007586e-05,1.27154479977908e-07,0.000366012766974013,2.19343549815707e-08,6.31368437326298e-05,-3.77755137868798e-07,0.000401011541572585
48735.331214848,-4.90228731304376e-07,5.72266899023904e-05,1.25409141492467e-07,0.000363491867823328,2.16332770112958e-08,6.27019918354816e-05,-3.72569595191961e-07,0.000398249629684632
49073.317969944,-4.83499339229198e-07,5.68325778934061e-05,1.23687757670877e-07,0.000360988331664568,2.13363314332817e-08,6.227013501724e-05,-3.67455235437312e-07,0.000395506739971548
49413.6487133493,-4.7686231993147e-07,5.64411796663735e-05,1.21989999793371e-07,0.000358502038899987,2.10434615372983e-08,6.18412526478598e-05,-3.6241108147344e-07,0.000392782741423837
49756.3397009709,-4.70316405483491e-07,5.60524765431276e-05,1.20315543649522e-07,0.000356032870755798,2.07546113911459e-08,6.14153242394191e-05,-3.57436169581781e-07,0.000390077503934238
50101.4073014524,-4.63860345359993e-07,5.56664499738875e-05,1.18664069476433e-07,0.000353580709276502,2.04697258299874e-08,6.09923294451405e-05,-3.52529549272532e-07,0.000387390898291523
50448.8679969571,-4.57492906199319e-07,5.52830815363761e-05,1.17035261897756e-07,0.000351145437319244,2.01887504458262e-08,6.05722480584176e-05,-3.4769028310305e-07,0.00038472279617432
50798.7383839539,-4.51212871567898e-07,5.49023529349481e-05,1.15428809863565e-07,0.000348726938548211,1.9911631577129e-08,6.01550600118494e-05,-3.42917446498781e-07,0.000382073070144988
51151.0351740109,-4.45019041727935e-07,5.45242459997223e-05,1.1384440659104e-07,0.000346325097429071,1.96383162985894e-08,5.97407453762802e-05,-3.38210127576615e-07,0.000379441593643532
51505.7751945938,-4.38910233408289e-07,5.41487426857208e-05,1.12281749505966e-07,0.000343939799223442,1.93687524110326e-08,5.93292843598473e-05,-3.33567426970688e-07,0.000376828240981557
51862.9753898685,-4.32885279578515e-07,5.37758250720139e-05,1.10740540185037e-07,0.000341570929983414,1.91028884314588e-08,5.89206573070348e-05,-3.28988457660566e-07,0.000374232887336272
52222.6528215118,-4.26943029225968e-07,5.34054753608699e-05,1.09220484298944e-07,0.000339218376546094,1.88406735832216e-08,5.85148446977332e-05,-3.24472344801781e-07,0.000371655408744523
52584.8246695256,-4.21082347136008e-07,5.30376758769117e-05,1.07721291556247e-07,0.000336882026528197,1.85820577863424e-08,5.81118271463068e-05,-3.20018225558714e-07,0.00036909568209688
52949.5082330576,-4.15302113675183e-07,5.26724090662788e-05,1.06242675648012e-07,0.000334561768320672,1.83269916479563e-08,5.77115854006667e-05,-3.15625248939738e-07,0.00036655358513175
53316.7209312277,-4.09601224577413e-07,5.23096574957949e-05,1.04784354193207e-07,0.000332257491083365,1.807542645289e-08,5.73141003413502e-05,-3.11292575634664e-07,0.00036402899642955
53686.4803039601,-4.03978590733092e-07,5.19494038521405e-05,1.03346048684852e-07,0.000329969084739719,1.78273141543675e-08,5.6919352980607e-05,-3.0701937785438e-07,0.000361521795406898
54058.8040128205,-3.98433137981091e-07,5.15916309410328e-05,1.01927484436892e-07,0.000327696439971512,1.75826073648446e-08,5.65273244614913e-05,-3.02804839172718e-07,0.000359031862310862
54433.709841861,-3.9296380690361e-07,5.12363216864091e-05,1.00528390531816e-07,0.00032543944821363,1.73412593469675e-08,5.61379960569602e-05,-2.9864815437048e-07,0.000356559078213238
54811.215698468,-3.87569552623851e-07,5.08834591296177e-05,9.91484997689777e-08,0.000323198001648872,1.71032240046566e-08,5.5751349168979e-05,-2.94548529281607e-07,0.000354103325004876
55191.3396142186,-3.82249344606459e-07,5.05330264286122e-05,9.77875486136327e-08,0.000320971993202802,1.68684558743111e-08,5.5367365327631e-05,-2.90505180641455e-07,0.000351664485390029
55574.0997457415,-3.77002166460708e-07,5.01850068571535e-05,9.64452771466714e-08,0.000318761316538625,1.66369101161357e-08,5.49860261902361e-05,-2.86517335937163e-07,0.000349242442880767
55959.5143755845,-3.71827015746378e-07,4.98393838040154e-05,9.51214290150388e-08,0.000316565866052101,1.64085425055846e-08,5.46073135404723e-05,-2.82584233260067e-07,0.0003468370817914
56347.6019130871,-3.6672290378231e-07,4.94961407721966e-05,9.38157513828381e-08,0.000314385536866502,1.61833094249239e-08,5.42312092875062e-05,-2.78705121160141e-07,0.000344448287232965
56738.380895261,-3.61688855457572e-07,4.91552613781375e-05,9.25279948830969e-08,0.000312220224827594,1.59611678549086e-08,5.38576954651271e-05,-2.74879258502439e-07,0.000342075945107731
57131.8699876742,-3.56723909045229e-07,4.88167293509429e-05,9.12579135702022e-08,0.000310069826498658,1.57420753665751e-08,5.34867542308895e-05,-2.71105914325504e-07,0.000339719942103757
57528.0879853436,-3.51827116018653e-07,4.84805285316093e-05,9.00052648729793e-08,0.000307934239155543,1.55259901131439e-08,5.31183678652586e-05,-2.67384367701721e-07,0.000337380165689474
57927.053813632,-3.46997540870376e-07,4.81466428722581e-05,8.87698095484204e-08,0.00030581336078176,1.53128708220363e-08,5.27525187707647e-05,-2.63713907599591e-07,0.000335056504108322
58328.7865291527,-3.422342609334e-07,4.78150564353733e-05,8.75513116360407e-08,0.000303707090063598,1.51026767869971e-08,5.2389189471161e-05,-2.60093832747885e-07,0.000332748846373399
58733.3053206791,-3.37536366204987e-07,4.74857533930456e-05,8.6349538412866e-08,0.000301615326385288,1.48953678603285e-08,5.20283626105891e-05,-2.56523451501679e-07,0.000330457082262175
59140.6295100621,-3.32902959172843e-07,4.71587180262193e-05,8.5164260349031e-08,0.000299537969824186,1.46909044452278e-08,5.16700209527481e-05,-2.53002081710209e-07,0.000328181102311218
59550.7785531519,-3.28333154643707e-07,4.68339347239477e-05,8.39952510639917e-08,0.000297474921146001,1.44892474882319e-08,5.13141473800725e-05,-2.49529050586555e-07,0.000325920797810973
59963.7720407286,-3.2382607957427e-07,4.65113879826502e-05,8.28422872833317e-08,0.000295426081800048,1.42903584717641e-08,5.09607248929122e-05,-2.46103694579106e-07,0.000323676060800564
60379.6296994364,-3.1938087290444e-07,4.61910624053767e-05,8.17051487961669e-08,0.00029339135391454,1.40941994067845e-08,5.06097366087214e-05,-2.4272535924479e-07,0.000321446784062649
60798.3713927276,-3.1499668539287e-07,4.58729427010759e-05,8.05836184131272e-08,0.000291370640291905,1.39007328255391e-08,5.02611657612503e-05,-2.39393399124044e-07,0.000319232861118287
61220.0171218097,-3.10672679454762e-07,4.55570136838695e-05,7.94774819249193e-08,0.000289363844404144,1.37099217744103e-08,4.9914995699745e-05,-2.36107177617508e-07,0.000317034186221864
61644.5870266023,-3.0640802900188e-07,4.52432602723297e-05,7.83865280614542e-08,0.000287370870388212,1.35217298068643e-08,4.95712098881507e-05,-2.32866066864392e-07,0.000314850654356038
62072.1013866976,-3.02201919284776e-07,4.4931667488764e-05,7.73105484515365e-08,0.000285391623041442,1.33361209764953e-08,4.92297919043218e-05,-2.2966944762254e-07,0.000312682161226722
62502.5806223305,-2.98053546737162e-07,4.46222204585023e-05,7.62493375831037e-08,0.000283426007816986,1.3153059830165e-08,4.88907254392366e-05,-2.26516709150112e-07,0.000310528603258109
62936.0452953524,-2.93962118822437e-07,4.4314904409191e-05,7.52026927640136e-08,0.000281473930819304,1.29725114012368e-08,4.85539942962184e-05,-2.23407249088912e-07,0.000308389877587722
63372.5161102152,-2.89926853882299e-07,4.40097046700905e-05,7.41704140833661e-08,0.000279535298799667,1.27944412029016e-08,4.82195823901605e-05,-2.20340473349304e-07,0.0003062658820615
63812.0139149584,-2.85946980987457e-07,4.37066066713784e-05,7.31523043733579e-08,0.000277610019151708,1.26188152215962e-08,4.78874737467586e-05,-2.17315795996718e-07,0.000304156515228926
64254.5597022062,-2.82021739790366e-07,4.34055959434563e-05,7.2148169171656e-08,0.000275697999906989,1.24455999105109e-08,4.75576525017457e-05,-2.14332639139699e-07,0.000302061676338174
64700.1746101695,-2.78150380380012e-07,4.31066581162632e-05,7.1157816684292e-08,0.000273799149730609,1.22747621831873e-08,4.72301029001356e-05,-2.11390432819514e-07,0.000299981265331305
65148.8799236562,-2.74332163138659e-07,4.28097789185911e-05,7.01810577490595e-08,0.000271913377916836,1.21062694072026e-08,4.69048092954686e-05,-2.0848861490125e-07,0.000297915182839484
65600.697075087,-2.70566358600588e-07,4.25149441774078e-05,6.92177057994184e-08,0.000270040594384771,1.19400893979414e-08,4.65817561490643e-05,-2.05626630966427e-07,0.000295863330178236
66055.6476455202,-2.66852247312757e-07,4.22221398171821e-05,6.82675768288886e-08,0.000268180709674046,1.17761904124523e-08,4.62609280292789e-05,-2.02803934207074e-07,0.000293825609342732
66513.7533656814,-2.63189119697384e-07,4.19313518592155e-05,6.73304893559375e-08,0.000266333634940543,1.16145411433894e-08,4.59423096107676e-05,-2.00019985321264e-07,0.000291801923003111
66975.0361170023,-2.59576275916403e-07,4.16425664209768e-05,6.64062643893427e-08,0.00026449928195215,1.1455110713036e-08,4.5625885673752e-05,-1.97274252410075e-07,0.000289792174499829
67439.5179326655,-2.56013025737799e-07,4.13557697154426e-05,6.54947253940351e-08,0.000262677563084547,1.12978686674109e-08,4.53116411032932e-05,-1.94566210875978e-07,0.000287796267839047
67907.2209986571,-2.52498688403755e-07,4.10709480504412e-05,6.4595698257405e-08,0.000260868391317009,1.11427849704551e-08,4.49995608885689e-05,-1.9189534332261e-07,0.000285814107688041
68378.167654826,-2.49032592500629e-07,4.07880878280017e-05,6.37090112560754e-08,0.000259071680228258,1.09898299982986e-08,4.46896301221563e-05,-1.89261139455925e-07,0.000283845599370655
68852.3803959518,-2.45614075830698e-07,4.05071755437074e-05,6.2834495023125e-08,0.000257287343992321,1.08389745336056e-08,4.43818339993194e-05,-1.866630959867e-07,0.000281890648862774
69329.8818728181,-2.42242485285677e-07,4.02281977860533e-05,6.19719825157661e-08,0.000255515297374439,1.06901897599968e-08,4.40761578173021e-05,-1.84100716534389e-07,0.000279949162787839
69810.6948932956,-2.38917176721955e-07,3.99511412358084e-05,6.11213089834608e-08,0.000253755455726984,1.05434472565491e-08,4.37725869746246e-05,-1.81573511532279e-07,0.000278021048412382
70294.8424234306,-2.35637514837571e-07,3.9675992665382e-05,6.02823119364778e-08,0.00025200773498542,1.039871899237e-08,4.34711069703866e-05,-1.7908099813397e-07,0.000276106213641606
70782.3475885425,-2.32402873050846e-07,3.94027389381945e-05,5.94548311148778e-08,0.000250272051664279,1.02559773212463e-08,4.31717034035733e-05,-1.76622700121115e-07,0.000274204567014974
71273.2336743282,-2.29212633380706e-07,3.91313670080526e-05,5.86387084579262e-08,0.000248548322853179,1.0115194976367e-08,4.28743619723681e-05,-1.74198147812446e-07,0.000272316017701853
71767.5241279742,-2.26066186328632e-07,3.88618639185284e-05,5.78337880739224e-08,0.000246836466212853,9.97634506511784e-09,4.25790684734685e-05,-1.71806877974037e-07,0.000270440475497171
72265.2425592773,-2.22962930762239e-07,3.8594216802343e-05,5.70399162104458e-08,0.000245136399971218,9.83940106394708e-09,4.22858088014077e-05,-1.69448433730807e-07,0.000268577850817106
72766.4127417709,-2.19902273800449e-07,3.83284128807547e-05,5.62569412250077e-08,0.000243448042919469,9.70433681330253e-09,4.19945689478803e-05,-1.67122364479228e-07,0.000266728054694817
73271.058613862,-2.16883630700236e-07,3.80644394629502e-05,5.54847135561054e-08,0.000241771314408192,9.57112651263707e-09,4.1705335001073e-05,-1.64828225801239e-07,0.000264890998776183
73779.2042799737,-2.13906424744937e-07,3.78022839454417e-05,5.47230856946753e-08,0.000240106134343517,9.43974471548343e-09,4.14180931449999e-05,-1.62565579379341e-07,0.000263066595315593
74290.8740116972,-2.10970087134075e-07,3.75419338114659e-05,5.3971912155934e-08,0.000238452423183282,9.31016632459574e-09,4.11328296588418e-05,-1.60333992912854e-07,0.000261254757171752
74806.0922489501,-2.08074056874724e-07,3.72833766303896e-05,5.32310494516093e-08,0.00023681010193324,9.18236658715856e-09,4.08495309162911e-05,-1.58133040035323e-07,0.000259455397803519
75324.8836011454,-2.05217780674332e-07,3.7026600057117e-05,5.25003560625482e-08,0.000235179092143274,9.05632109006079e-09,4.05681833849002e-05,-1.55962300233064e-07,0.000257668431265772
75847.2728483651,-2.02400712835041e-07,3.6771591831503e-05,5.1779692411704e-08,0.00023355931590366,8.93200575523506e-09,4.02887736254353e-05,-1.53821358764821e-07,0.000255893772205309
76373.2849425456,-1.9962231514944e-07,3.65183397777691e-05,5.10689208374901e-08,0.000231950695841333,8.80939683506049e-09,4.00112882912336e-05,-1.5170980658253e-07,0.000254131335856766
76902.9450086679,-1.9688205679776e-07,3.62668318039241e-05,5.03679055675034e-08,0.000230353155116195,8.68847090782904e-09,3.9735714127566e-05,-1.49627240253169e-07,0.000252381038038574
77436.2783459591,-1.94179414246473e-07,3.60170559011885e-05,4.96765126926031e-08,0.000228766617417441,8.56920487327341e-09,3.94620379710035e-05,-1.47573261881681e-07,0.00025064279514893
77973.3104290997,-1.91513871148288e-07,3.57690001434226e-05,4.89946101413498e-08,0.000227191006959913,8.45157594815693e-09,3.91902467487882e-05,-1.45547479034956e-07,0.000248916524161817
78514.0669094413,-1.8888491824351e-07,3.5522652686559e-05,4.83220676547915e-08,0.000225626248480477,8.33556166192333e-09,3.89203274782085e-05,-1.43549504666853e-07,0.000247202142623025
79058.5736162311,-1.86292053262767e-07,3.52780017680388e-05,4.76587567615971e-08,0.000224072267234429,8.22113985240666e-09,3.86522672659793e-05,-1.41578957044257e-07,0.000245499568646226
79606.8565578463,-1.83734780831056e-07,3.50350357062511e-05,4.70045507535298e-08,0.00022252898899192,8.1082886615997e-09,3.83860533076249e-05,-1.39635459674145e-07,0.00024380872090905
80158.9419230357,-1.81212612373123e-07,3.47937428999775e-05,4.63593246612586e-08,0.000220996340034412,7.99698653148065e-09,3.81216728868682e-05,-1.37718641231657e-07,0.000242129518649216
80714.8560821713,-1.78725066020121e-07,3.45541118278391e-05,4.57229552304991e-08,0.00021947424715115,7.88721219989682e-09,3.78591133750221e-05,-1.35828135489154e-07,0.000240461881660659
81274.6255885071,-1.76271666517573e-07,3.43161310477482e-05,4.50953208984837e-08,0.000217962637635671,7.77894469650508e-09,3.75983622303871e-05,-1.33963581246247e-07,0.000238805730289714
81838.2771794484,-1.73851945134574e-07,3.40797891963634e-05,4.44763017707524e-08,0.000216461439282321,7.67216333876757e-09,3.73394069976509e-05,-1.32124622260789e-07,0.000237160985431302
82405.8377778279,-1.71465439574259e-07,3.38450749885485e-05,4.38657795982644e-08,0.000214970580382813,7.56684772800293e-09,3.70822353072941e-05,-1.30310907180816e-07,0.000235527568525154
82977.3344931927,-1.69111693885486e-07,3.36119772168348e-05,4.32636377548206e-08,0.000213489989722793,7.46297774549091e-09,3.68268348749987e-05,-1.28522089477415e-07,0.000233905401552062
83552.7946230977,-1.66790258375741e-07,3.33804847508881e-05,4.26697612147983e-08,0.000212019596578443,7.36053354863123e-09,3.65731935010615e-05,-1.26757827378523e-07,0.000232294407030152
84132.2456544116,-1.64500689525229e-07,3.31505865369773e-05,4.20840365311899e-08,0.000210559330713097,7.25949556715445e-09,3.63212990698105e-05,-1.25017783803627e-07,0.000230694508011179
84715.7152646274,-1.62242549902152e-07,3.29222715974495e-05,4.1506351813943e-08,0.000209109122373887,7.15984449938528e-09,3.60711395490269e-05,-1.23301626299365e-07,0.00022910562807686
85303.2313231867,-1.60015408079147e-07,3.26955290302058e-05,4.09365967085974e-08,0.00020766890228841,7.06156130855675e-09,3.58227029893692e-05,-1.21609026976009e-07,0.000227527691335214
85894.8218928089,-1.57818838550867e-07,3.24703480081827e-05,4.03746623752164e-08,0.000206238601661415,6.9646272191755e-09,3.55759775238032e-05,-1.1993966244482e-07,0.00022596062241695
86490.5152308334,-1.55652421652698e-07,3.22467177788362e-05,3.98204414676039e-08,0.000204818152171519,6.86902371343607e-09,3.53309513670341e-05,-1.18293213756261e-07,0.000224404346471854
87090.3397905676,-1.53515743480594e-07,3.20246276636298e-05,3.92738281128113e-08,0.000203407485967943,6.77473252768538e-09,3.50876128149441e-05,-1.16669366339068e-07,0.000222858789165225
87694.3242226474,-1.51408395812e-07,3.18040670575253e-05,3.87347178909199e-08,0.000202006535667266,6.68173564893481e-09,3.48459502440326e-05,-1.15067809940137e-07,0.000221323876674318
88302.4973764047,-1.49329976027877e-07,3.1585025428478e-05,3.82030078151062e-08,0.000200615234350206,6.5900153114208e-09,3.46059521108614e-05,-1.13488238565261e-07,0.000219799535684822
88914.8883012464,-1.47280087035781e-07,3.13674923169349e-05,3.76785963119754e-08,0.000199233515558425,6.49955399321212e-09,3.43676069515024e-05,-1.11930350420659e-07,0.000218285693387357
89531.5262480405,-1.45258337194015e-07,3.11514573353363e-05,3.71613832021691e-08,0.000197861313291353,6.41033441286411e-09,3.41309033809906e-05,-1.10393847855325e-07,0.000216782277473997
90152.440670515,-1.43264340236801e-07,3.09369101676208e-05,3.66512696812354e-08,0.000196498562003031,6.32233952611839e-09,3.38958300927796e-05,-1.08878437304152e-07,0.000215289216134815
90777.661226663,-1.412977152005e-07,3.0723840568734e-05,3.61481583007641e-08,0.000195145196598983,6.23555252264829e-09,3.36623758582017e-05,-1.07383829231852e-07,0.000213806438054455
91407.217780161,-1.39358086350828e-07,3.05122383641401e-05,3.56519529497789e-08,0.000193801152433103,6.14995682284852e-09,3.34305295259311e-05,-1.05909738077632e-07,0.000212333872408726
92041.1404017939,-1.37445083111083e-07,3.03020934493374e-05,3.51625588363857e-08,0.000192466365304566,6.06553607466917e-09,3.32002800214515e-05,-1.04455882200643e-07,0.000210871448861221
92679.4593708925,-1.35558339991348e-07,3.00933957893764e-05,3.46798824696718e-08,0.000191140771454764,5.98227415049293e-09,3.29716163465263e-05,-1.03021983826167e-07,0.000209419097559951
93322.2051767786,-1.33697496518675e-07,2.98861354183821e-05,3.42038316418552e-08,0.000189824307564254,5.90015514405538e-09,3.27445275786742e-05,-1.01607768992545e-07,0.000207976749134017
93969.4085202226,-1.31862197168214e-07,2.96803024390785e-05,3.37343154106758e-08,0.000188516910749738,5.81916336740725e-09,3.25190028706459e-05,-1.00212967498839e-07,0.000206544334690292
94621.1003149089,-1.30052091295302e-07,2.94758870223176e-05,3.32712440820313e-08,0.000187218518561053,5.73928334791863e-09,3.22950314499072e-05,-9.8837312853207e-08,0.000205121785810134
95277.3116889132,-1.28266833068473e-07,2.92728794066105e-05,3.28145291928486e-08,0.000185929068978191,5.660499825324e-09,3.20726026181233e-05,-9.74805422219864e-08,0.000203709034546112
95938.0739861886,-1.26506081403395e-07,2.90712698976623e-05,3.23640834941923e-08,0.000184648500408336,5.58279774880812e-09,3.18517057506484e-05,-9.61423963794812e-08,0.000202306013418769
96603.4187680637,-1.24769499897706e-07,2.88710488679101e-05,3.19198209346034e-08,0.000183376751682916,5.50616227413155e-09,3.16323302960174e-05,-9.48226196584321e-08,0.000200912655413393
97273.3778147489,-1.23056756766753e-07,2.86722067560641e-05,3.14816566436674e-08,0.000182113762054687,5.43057876079597e-09,3.14144657754424e-05,-9.35209599011728e-08,0.000199528893976818
97947.983126856,-1.21367524780204e-07,2.8474734066652e-05,3.10495069158072e-08,0.000180859471194826,5.35603276924797e-09,3.11981017823114e-05,-9.22371684114509e-08,0.000198154663014248
98627.2669269249,-1.19701481199541e-07,2.82786213695662e-05,3.06232891942988e-08,0.00017961381919005,5.28251005812165e-09,3.09832279816918e-05,-9.09709999069156e-08,0.000196789896886095
99311.2616609643,-1.18058307716398e-07,2.80838592996145e-05,3.02029220555063e-08,0.000178376746539752,5.20999658151863e-09,3.0769834109836e-05,-8.97222124722518e-08,0.000195434530404849
100000,-1.16437690391754e-07,2.78904385560736e-05,2.97883251933325e-08,0.000177148194153162,5.13847848632578e-09,3.05579099736915e-05,-8.84905675129642e-08,0.000194088498831962
